1 0.7604166666666666 0.2625 0.4 0.07604166666666666
1 0.7552083333333334 0.18541666666666667 0.41770833333333335 0.065625
1 0.26979166666666665 0.6541666666666667 0.4 0.16458333333333333
1 0.8802083333333334 0.8802083333333334 0.23229166666666667 0.11875
1 0.6354166666666666 0.8739583333333333 0.23333333333333334 0.11979166666666667
1 0.18020833333333333 0.8979166666666667 0.203125 0.06041666666666667
1 0.38333333333333336 0.9041666666666667 0.20208333333333334 0.08541666666666667
1 0.9322916666666666 0.44895833333333335 0.07708333333333334 0.042708333333333334
1 0.60625 0.4635416666666667 0.10104166666666667 0.046875
1 0.7927083333333333 0.4083333333333333 0.07708333333333334 0.03125
1 0.32395833333333335 0.38333333333333336 0.09375 0.03333333333333333
1 0.12916666666666668 0.35625 0.08125 0.03958333333333333