1 0.25729166666666664 0.3729166666666667 0.39479166666666665 0.18958333333333333
1 0.24583333333333332 0.6552083333333333 0.3614583333333333 0.17083333333333334
1 0.5864583333333333 0.45416666666666666 0.071875 0.052083333333333336
1 0.6927083333333334 0.45208333333333334 0.09895833333333333 0.04583333333333333
1 0.8 0.45625 0.10833333333333334 0.04895833333333333
1 0.9177083333333333 0.453125 0.08541666666666667 0.051041666666666666
1 0.584375 0.39791666666666664 0.10416666666666667 0.053125
1 0.7020833333333333 0.40520833333333334 0.10833333333333334 0.046875
1 0.8125 0.40520833333333334 0.07916666666666666 0.05
1 0.91875 0.4083333333333333 0.09583333333333334 0.03854166666666667
1 0.5895833333333333 0.34791666666666665 0.0875 0.053125
1 0.79375 0.35625 0.125 0.046875
1 0.6947916666666667 0.3020833333333333 0.10208333333333333 0.05625
1 0.584375 0.3 0.08541666666666667 0.052083333333333336
1 0.9041666666666667 0.309375 0.0875 0.052083333333333336
1 0.75625 0.6572916666666667 0.10520833333333333 0.075