2 0.847634 0.447246 0.302196 0.132998 0.926866
2 0.904249 0.241415 0.171254 0.141355 0.826791
2 0.557723 0.390585 0.288191 0.14008 0.826018
2 0.101781 0.21112 0.190122 0.0791444 0.801317
2 0.10045 0.290807 0.18832 0.0827716 0.771091
2 0.33053 0.558079 0.130857 0.130831 0.731284
2 0.341542 0.356781 0.188631 0.0829683 0.636018
2 0.491721 0.553584 0.214678 0.145362 0.606637
2 0.578196 0.246316 0.156465 0.152781 0.606506
2 0.276654 0.245617 0.161132 0.15089 0.573444
2 0.12509 0.381527 0.238301 0.0970418 0.534571
2 0.745265 0.322154 0.172828 0.14729 0.521277
2 0.848702 0.567305 0.273394 0.125712 0.493195
2 0.157079 0.466491 0.310764 0.0780822 0.48015
2 0.658252 0.549535 0.145015 0.154043 0.469315
2 0.21049 0.564978 0.133657 0.131199 0.465589
2 0.733693 0.209418 0.190276 0.0778288 0.40169
2 0.428516 0.247038 0.157967 0.155379 0.369876
