0 0.751029 0.562838 0.364599 0.253583 0.780854
0 0.276145 0.319099 0.174654 0.18765 0.558715
0 0.17713 0.390441 0.180384 0.163803 0.516087
0 0.648045 0.226369 0.253853 0.0771797 0.486947
0 0.759432 0.297945 0.301992 0.101083 0.47151
0 0.397767 0.787557 0.274912 0.0881484 0.469528
0 0.225743 0.744421 0.158234 0.114938 0.403157
0 0.266442 0.584888 0.189594 0.0635638 0.291311
0 0.30463 0.65668 0.187529 0.0861516 0.281834
0 0.329646 0.659924 0.228408 0.0999725 0.268888
0 0.356702 0.787643 0.172234 0.0864207 0.250723
