2 0.739804 0.307658 0.0991801 0.0562116 0.755705
2 0.363227 0.439198 0.146912 0.0655239 0.739927
2 0.597159 0.333021 0.138696 0.0628248 0.736566
2 0.709445 0.376287 0.125309 0.0556776 0.686898
2 0.541403 0.408938 0.156515 0.0652545 0.667749
2 0.327542 0.279884 0.152028 0.144519 0.666553
2 0.442411 0.359862 0.13871 0.0577042 0.641049
2 0.26463 0.392064 0.145798 0.0594292 0.63881
2 0.503027 0.280672 0.20049 0.0649481 0.612339
2 0.169137 0.302312 0.172434 0.139887 0.603473
2 0.418917 0.772538 0.0817275 0.0658368 0.586491
2 0.113386 0.77263 0.0748668 0.057018 0.545418
2 0.648619 0.268352 0.0664818 0.0401583 0.501061
2 0.799596 0.755011 0.0604921 0.03878 0.438007
2 0.268701 0.773447 0.0913109 0.0530298 0.415849
2 0.552766 0.886487 0.0899768 0.0426397 0.359571
2 0.734062 0.753171 0.0649762 0.0439117 0.33373
2 0.603086 0.752732 0.0680094 0.0430481 0.332748
2 0.552751 0.92342 0.0894047 0.0427816 0.33049
2 0.649327 0.261559 0.0751035 0.0473153 0.280204
