0 0.312065 0.28731 0.346299 0.214372 0.805211
0 0.209196 0.59601 0.371836 0.0918035 0.656238
0 0.281181 0.520338 0.2974 0.0958553 0.60544
0 0.563943 0.535136 0.119157 0.058849 0.546977
0 0.744186 0.353885 0.15495 0.0943227 0.536415
0 0.925857 0.287125 0.140059 0.0889154 0.478237
0 0.918156 0.456296 0.140328 0.0870228 0.468695
0 0.750817 0.438145 0.15102 0.0767639 0.451942
0 0.896175 0.774095 0.103015 0.0537331 0.433814
0 0.598563 0.426915 0.129751 0.0858458 0.388793
0 0.772896 0.862105 0.112317 0.0611184 0.36769
0 0.563567 0.589676 0.113492 0.0536358 0.359692
0 0.928718 0.374787 0.125396 0.0802919 0.352283
0 0.769245 0.809579 0.110042 0.0526778 0.349486
0 0.896702 0.825154 0.112905 0.0430359 0.331836
0 0.65927 0.798307 0.102038 0.0562907 0.322594
0 0.902697 0.57076 0.11894 0.0574577 0.292234
