2 0.579983 0.734258 0.0741206 0.0534993 0.630191
2 0.310579 0.26523 0.0893316 0.0574316 0.627694
2 0.615302 0.204842 0.0679557 0.0529123 0.558219
2 0.887718 0.733463 0.0829643 0.0679062 0.518382
2 0.625499 0.31409 0.0772853 0.0506711 0.513777
2 0.806062 0.33822 0.107157 0.0738918 0.504908
2 0.73372 0.736037 0.0972894 0.0541313 0.484936
2 0.24752 0.337018 0.0906377 0.0623912 0.446653
2 0.56968 0.269865 0.0983802 0.0490432 0.444632
2 0.520093 0.338371 0.0911079 0.0574064 0.443811
2 0.410839 0.371955 0.0836006 0.0587376 0.422094
2 0.584038 0.390195 0.114916 0.0533407 0.364712
2 0.368453 0.435919 0.0895674 0.0571035 0.336895
2 0.461246 0.290663 0.0737966 0.0559042 0.309944
2 0.470742 0.422146 0.0580556 0.0353113 0.279868
2 0.670913 0.247971 0.0551374 0.0318603 0.258642
2 0.515645 0.226082 0.108626 0.041679 0.2524
