2 0.248957 0.241742 0.136111 0.120332 0.786441
2 0.898788 0.249208 0.134316 0.120056 0.748202
2 0.0855466 0.2432 0.146801 0.118817 0.73956
2 0.744286 0.248246 0.129654 0.110393 0.733203
2 0.584608 0.417987 0.132289 0.103643 0.718038
2 0.419023 0.417241 0.129104 0.10563 0.694755
2 0.0859136 0.414599 0.129854 0.114544 0.683026
2 0.579081 0.246708 0.142125 0.109063 0.632062
2 0.417207 0.248306 0.129929 0.104166 0.621103
2 0.105582 0.562839 0.149063 0.0652042 0.597147
2 0.250821 0.395674 0.152672 0.144255 0.554631
2 0.744063 0.423289 0.107762 0.0868475 0.511464
2 0.881657 0.562674 0.169673 0.0787337 0.466575
2 0.622722 0.56789 0.142418 0.0676048 0.41764
2 0.905534 0.433462 0.102961 0.0675447 0.402026
2 0.36347 0.558735 0.189649 0.0848013 0.277045
2 0.7305 0.885808 0.169779 0.0480982 0.274916
2 0.905133 0.434065 0.0793864 0.060458 0.269437
