0 0.5052083333333334 0.25625 0.12395833333333334 0.08854166666666667
0 0.6958333333333333 0.16041666666666668 0.13020833333333334 0.08958333333333333
0 0.6822916666666666 0.06354166666666666 0.19791666666666666 0.08958333333333333
0 0.8875 0.06354166666666666 0.134375 0.06979166666666667
0 0.121875 0.6520833333333333 0.15208333333333332 0.08020833333333334
0 0.3104166666666667 0.64375 0.159375 0.11354166666666667
0 0.7354166666666667 0.70625 0.16770833333333332 0.08229166666666667
0 0.915625 0.703125 0.16875 0.08541666666666667
0 0.29791666666666666 0.275 0.11979166666666667 0.08541666666666667
0 0.109375 0.2791666666666667 0.13229166666666667 0.06145833333333333
0 0.09791666666666667 0.19375 0.17395833333333333 0.07395833333333333