10 0.3458333333333333 0.24270833333333333 0.2375 0.11145833333333334
11 0.5927083333333333 0.24270833333333333 0.21979166666666666 0.10625
3 0.34479166666666666 0.35208333333333336 0.22291666666666668 0.09895833333333333
4 0.5854166666666667 0.3458333333333333 0.21770833333333334 0.10625
14 0.35 0.46041666666666664 0.21979166666666666 0.096875
15 0.5854166666666667 0.4552083333333333 0.19895833333333332 0.08958333333333333
16 0.34270833333333334 0.546875 0.21979166666666666 0.0875
17 0.5864583333333333 0.5479166666666667 0.246875 0.1
12 0.3541666666666667 0.6427083333333333 0.20208333333333334 0.11458333333333333
13 0.5802083333333333 0.6364583333333333 0.21354166666666666 0.08854166666666667
0 0.346875 0.7291666666666666 0.19375 0.084375
1 0.5770833333333333 0.7197916666666667 0.20104166666666667 0.1
8 0.3489583333333333 0.8166666666666667 0.21770833333333334 0.09270833333333334
9 0.571875 0.8104166666666667 0.22395833333333334 0.08645833333333333