5 0.28220703124999996 0.47320963541666666 0.27290038958333335 0.4880794270833333 0.2358037125 0.4992068875 0.2358984375 0.49925130208333335 0.23374023333333332 0.5571679687500001 0.29217773333333336 0.55970703125 0.29669921875 0.4679361979166667 0.28220703124999996 0.47320963541666666
5 0.38638671874999997 0.40895833333333337 0.35984863333333333 0.46686197916666666 0.30766136250000004 0.4632663125 0.3100634770833333 0.5567708333333333 0.37645507708333337 0.5615690104166667 0.38451171875 0.4976041666666667 0.36419921875 0.48559895833333333 0.38638671874999997 0.40895833333333337
5 0.44064453125 0.49222005208333336 0.385 0.49166666666666664 0.379765625 0.5569075520833333 0.4539013666666667 0.5622981770833333 0.45063964791666666 0.4356770833333333 0.44064453125 0.49222005208333336
5 0.46196777291666663 0.42575520833333336 0.4625927729166667 0.44200520833333334 0.4620263666666667 0.5635546875 0.53 0.5700000000000001 0.5308984375 0.40668619791666666 0.5244824229166667 0.4320247395833333 0.46196777291666663 0.42575520833333336
5 0.5342041020833334 0.5656770833333333 0.5976513666666666 0.57419921875 0.6046777354166667 0.48160156249999997 0.6173144520833334 0.47731770833333337 0.6022949229166666 0.4192252604166667 0.6152832020833333 0.4776171875 0.54125 0.4766666666666667 0.5373925770833333 0.40685546875 0.5342041020833334 0.5656770833333333
5 0.6189208979166666 0.45279296874999997 0.6037311541666667 0.57000410625 0.6727685541666666 0.570234375 0.68517578125 0.470625 0.7112939458333333 0.45560546875 0.7097851208333333 0.4526415875 0.68654296875 0.4686783854166666 0.6189208979166666 0.45279296874999997
5 0.7436328125 0.5755013020833334 0.754140625 0.48658203125 0.7933740229166666 0.47731119791666665 0.7195738083333333 0.47587158125 0.71986328125 0.4766927083333333 0.71699596875 0.47582129375 0.714609375 0.47577473958333333 0.7145079125 0.4750651416666667 0.6863378895833333 0.46650390625 0.677890625 0.5689713541666667 0.7436328125 0.5755013020833334
5 0.6842016 0.24618833125 0.68763671875 0.2958528645833333 0.7121826166666666 0.30267578125 0.7150048833333333 0.27462890625 0.7651171875 0.27014322916666667 0.7500683604166666 0.253671875 0.6842016 0.24618833125
5 0.6166503895833333 0.2480859375 0.6174999999999999 0.39166666666666666 0.6373583979166667 0.30465494791666664 0.6884667958333334 0.2969921875 0.6762207020833333 0.24849609375 0.6166503895833333 0.2480859375
5 0.61 0.26666666666666666 0.6075634770833334 0.23850911458333332 0.5359326166666667 0.23471354166666666 0.5354394520833333 0.38415364583333333 0.5445849604166667 0.26609374999999996 0.61 0.26666666666666666
5 0.4587792958333334 0.23932942708333332 0.4625 0.3716666666666667 0.4595556645833333 0.2553841145833333 0.5328027333333334 0.25893229166666665 0.5328027333333334 0.2423828125 0.4587792958333334 0.23932942708333332
5 0.37477538958333334 0.23571614583333333 0.37625 0.3016666666666667 0.37868652291666666 0.2613932291666667 0.45651367083333333 0.2683203125 0.45130859375000004 0.2396875 0.37477538958333334 0.23571614583333333
5 0.29975097708333337 0.22861979166666666 0.2912255854166667 0.25796223958333336 0.36130859374999996 0.25884765625 0.37939368333333334 0.30193231875 0.37106445208333333 0.23689453124999998 0.29975097708333337 0.22861979166666666
5 0.28880371041666664 0.25009114583333336 0.2971582020833334 0.23123046875 0.25112792916666665 0.22637369791666667 0.2474397 0.23869337708333335 0.28880371041666664 0.25009114583333336