5 0.2761328125 0.7650130208333333 0.28556640625 0.7667317708333333 0.30007324166666666 0.6106901041666667 0.28890136666666666 0.6081966145833333 0.27749999999999997 0.7616666666666667 0.2761328125 0.7650130208333333
5 0.3899462895833333 0.7263151041666667 0.38368652291666666 0.60322265625 0.3763427729166667 0.60322265625 0.3725 0.7483333333333333 0.3899462895833333 0.7263151041666667
5 0.4801513666666667 0.6121028645833333 0.475 0.6116666666666667 0.47395996041666666 0.7347786458333334 0.4801513666666667 0.6121028645833333
5 0.6784130854166667 0.7314713541666666 0.6522509770833333 0.6055729166666667 0.65875 0.7233333333333333 0.6784130854166667 0.7314713541666666
5 0.20044921875000002 0.39735026041666666 0.19933105416666666 0.5064908854166666 0.16470214791666665 0.5401692708333333 0.25874511666666666 0.5350716145833334 0.29465332083333334 0.56060546875 0.28752929791666665 0.39825520833333333 0.20044921875000002 0.39735026041666666
5 0.3881005854166667 0.5447721354166667 0.38194336041666666 0.3893619791666667 0.29328125 0.3961588541666667 0.2999707020833334 0.5585286458333333 0.27542480416666665 0.5860481770833333 0.2770654291666667 0.5878255208333333 0.3640625 0.5811588541666667 0.3881005854166667 0.5447721354166667
5 0.46970703124999996 0.49660156250000004 0.4729785166666666 0.38962890624999996 0.38888671875 0.39400390625 0.3924560541666667 0.50388671875 0.3895410166666667 0.5247330729166666 0.4753076166666667 0.5247330729166666 0.46970703124999996 0.49660156250000004
5 0.5656640625 0.3960807291666667 0.4800683604166667 0.3966015625 0.48194824166666667 0.48468098958333333 0.48162109375 0.5109049479166666 0.5548095708333334 0.5022005208333333 0.5825 0.515 0.5536035166666667 0.4979427083333333 0.5656640625 0.3960807291666667
5 0.6535498041666667 0.48749348958333333 0.6547705083333334 0.39260416666666664 0.5676318354166666 0.3869205729166667 0.57060546875 0.48986328125 0.5950000000000001 0.5283333333333333 0.6751074229166666 0.5243880208333334 0.6535498041666667 0.48749348958333333
5 0.7399462895833333 0.47876302083333333 0.7485449229166666 0.38788411458333333 0.6638574229166667 0.4013541666666667 0.6593310541666667 0.47405598958333334 0.6854199229166666 0.5146028645833334 0.77125 0.5133333333333333 0.7399462895833333 0.47876302083333333
5 0.8392626958333333 0.3802669270833333 0.7548437499999999 0.3844856770833333 0.753515625 0.494140625 0.8102978520833334 0.5005208333333333 0.895 0.4983333333333333 0.8302587895833333 0.4792122395833333 0.8392626958333333 0.3802669270833333