10 0.709375 0.5979166666666667 0.07604166666666666 0.084375
11 0.715625 0.490625 0.084375 0.08020833333333334
3 0.6322916666666667 0.5958333333333333 0.075 0.07604166666666666
4 0.6458333333333334 0.4864583333333333 0.06458333333333334 0.08125
14 0.55625 0.590625 0.06666666666666667 0.07916666666666666
15 0.571875 0.490625 0.06458333333333334 0.08541666666666667
16 0.48020833333333335 0.584375 0.06145833333333333 0.084375
17 0.49375 0.48125 0.06666666666666667 0.08645833333333333
12 0.40520833333333334 0.575 0.09270833333333334 0.08229166666666667
13 0.4197916666666667 0.47708333333333336 0.06354166666666666 0.08541666666666667
0 0.33229166666666665 0.5739583333333333 0.08125 0.09270833333333334
1 0.340625 0.46770833333333334 0.07916666666666666 0.08958333333333333
8 0.253125 0.5666666666666667 0.07708333333333334 0.09270833333333334
9 0.26875 0.465625 0.06770833333333333 0.08854166666666667