10 0.8197916666666667 0.31979166666666664 0.071875 0.203125
11 0.8072916666666666 0.571875 0.08125 0.19166666666666668
4 0.71875 0.5729166666666666 0.08020833333333334 0.21770833333333334
15 0.6166666666666667 0.5552083333333333 0.08958333333333333 0.23020833333333332
17 0.53125 0.5645833333333333 0.08541666666666667 0.21875
13 0.4239583333333333 0.5697916666666667 0.084375 0.225
1 0.32916666666666666 0.5479166666666667 0.07916666666666666 0.225
9 0.234375 0.5541666666666667 0.07395833333333333 0.21770833333333334
8 0.2520833333333333 0.2875 0.08125 0.20104166666666667
0 0.34791666666666665 0.29791666666666666 0.075 0.196875
12 0.446875 0.30416666666666664 0.084375 0.19791666666666666
16 0.525 0.3104166666666667 0.08645833333333333 0.21666666666666667
14 0.640625 0.3145833333333333 0.084375 0.215625
3 0.734375 0.3145833333333333 0.09166666666666666 0.215625