10 0.6854166666666667 0.575 0.071875 0.203125
11 0.690625 0.3229166666666667 0.07916666666666666 0.23333333333333334
4 0.59375 0.31354166666666666 0.08541666666666667 0.23125
15 0.49895833333333334 0.3145833333333333 0.08958333333333333 0.23020833333333332
17 0.396875 0.303125 0.08645833333333333 0.234375
13 0.309375 0.30104166666666665 0.084375 0.225
1 0.225 0.2947916666666667 0.07916666666666666 0.225
9 0.13958333333333334 0.28541666666666665 0.07395833333333333 0.21770833333333334
8 0.12083333333333333 0.5270833333333333 0.08125 0.20104166666666667
0 0.21145833333333333 0.5364583333333334 0.075 0.196875
12 0.303125 0.5364583333333334 0.084375 0.19791666666666666
16 0.4010416666666667 0.5416666666666666 0.08645833333333333 0.21666666666666667
14 0.4947916666666667 0.5541666666666667 0.084375 0.215625
3 0.596875 0.5697916666666667 0.09166666666666666 0.215625