11 0.5583333333333333 0.81875 0.07083333333333333 0.165625
4 0.4822916666666667 0.8166666666666667 0.08229166666666667 0.17395833333333333
15 0.40520833333333334 0.8104166666666667 0.07395833333333333 0.1875
17 0.33125 0.8083333333333333 0.075 0.18854166666666666
13 0.25625 0.8104166666666667 0.078125 0.17916666666666667
1 0.18333333333333332 0.8083333333333333 0.06354166666666666 0.175
9 0.11354166666666667 0.8083333333333333 0.078125 0.19166666666666668
10 0.559375 0.615625 0.07395833333333333 0.18333333333333332
3 0.4822916666666667 0.615625 0.065625 0.18333333333333332
14 0.4083333333333333 0.6114583333333333 0.07083333333333333 0.17916666666666667
16 0.334375 0.6104166666666667 0.06458333333333334 0.20104166666666667
12 0.2604166666666667 0.60625 0.06875 0.18125
0 0.18854166666666666 0.6114583333333333 0.06458333333333334 0.18333333333333332
8 0.11354166666666667 0.6166666666666667 0.078125 0.2