11 0.35833333333333334 0.25416666666666665 0.07291666666666667 0.17604166666666668
10 0.3645833333333333 0.45208333333333334 0.07083333333333333 0.17291666666666666
3 0.44479166666666664 0.44895833333333335 0.075 0.190625
14 0.5177083333333333 0.4395833333333333 0.07604166666666666 0.175
16 0.596875 0.434375 0.071875 0.18541666666666667
12 0.6739583333333333 0.4239583333333333 0.08229166666666667 0.1875
0 0.74375 0.4239583333333333 0.06979166666666667 0.2
8 0.8239583333333333 0.4239583333333333 0.0875 0.18541666666666667
9 0.8197916666666667 0.22604166666666667 0.07916666666666666 0.19375
1 0.740625 0.228125 0.071875 0.19895833333333332
13 0.6708333333333333 0.23229166666666667 0.08333333333333333 0.19583333333333333
17 0.5895833333333333 0.228125 0.07395833333333333 0.20520833333333333
15 0.5145833333333333 0.23541666666666666 0.07708333333333334 0.21145833333333333
4 0.43645833333333334 0.246875 0.08020833333333334 0.20625