5 0.14273618333333332 0.39599841874999997 0.20639880833333332 0.40738002291666664 0.24931640625 0.5223911833333333 0.24255022291666667 0.28380301458333335 0.15071149583333332 0.28331473333333335 0.14593563958333336 0.39566127291666664 0.14273618333333332 0.39599841874999997
10 0.175 0.4625 0.11666666666666667 0.125
11 0.196875 0.6604166666666667 0.09479166666666666 0.23020833333333332
3 0.2947916666666667 0.6625 0.08333333333333333 0.21458333333333332
4 0.29375 0.415625 0.09583333333333334 0.23645833333333333
14 0.390625 0.66875 0.084375 0.240625
15 0.396875 0.40625 0.08854166666666667 0.23854166666666668
16 0.48854166666666665 0.678125 0.0875 0.22916666666666666
17 0.49375 0.425 0.08541666666666667 0.246875
12 0.584375 0.6770833333333334 0.08541666666666667 0.23229166666666667
13 0.590625 0.41770833333333335 0.0875 0.25729166666666664
0 0.6833333333333333 0.6739583333333333 0.078125 0.22604166666666667
1 0.69375 0.4197916666666667 0.08125 0.2520833333333333
8 0.778125 0.6802083333333333 0.07916666666666666 0.25416666666666665
9 0.7895833333333333 0.425 0.0875 0.240625