11 0.5927083333333333 0.5364583333333334 0.07916666666666666 0.23125
4 0.49375 0.53125 0.07395833333333333 0.2125
15 0.40520833333333334 0.5385416666666667 0.07708333333333334 0.2125
17 0.31666666666666665 0.5354166666666667 0.08125 0.2125
13 0.21979166666666666 0.53125 0.08125 0.21666666666666667
1 0.13020833333333334 0.53125 0.08333333333333333 0.20520833333333333
9 0.03854166666666667 0.5354166666666667 0.07604166666666666 0.21458333333333332
10 0.5958333333333333 0.28958333333333336 0.08229166666666667 0.203125
3 0.4979166666666667 0.27708333333333335 0.090625 0.20729166666666668
14 0.40520833333333334 0.290625 0.07395833333333333 0.21145833333333333
16 0.3125 0.284375 0.08541666666666667 0.21770833333333334
12 0.21770833333333334 0.284375 0.08541666666666667 0.21770833333333334
0 0.11875 0.28229166666666666 0.090625 0.22395833333333334
8 0.03229166666666667 0.2864583333333333 0.06458333333333334 0.22708333333333333