11 0.45729166666666665 0.7864583333333334 0.07083333333333333 0.165625
4 0.5177083333333333 0.7958333333333333 0.08229166666666667 0.17395833333333333
15 0.6052083333333333 0.7958333333333333 0.07395833333333333 0.1875
17 0.6791666666666667 0.7854166666666667 0.075 0.18854166666666666
13 0.75625 0.7947916666666667 0.078125 0.17916666666666667
1 0.828125 0.7989583333333333 0.06354166666666666 0.175
9 0.903125 0.7989583333333333 0.078125 0.19166666666666668
10 0.4625 0.5916666666666667 0.07395833333333333 0.18333333333333332
3 0.5364583333333334 0.596875 0.065625 0.18333333333333332
14 0.603125 0.6010416666666667 0.07083333333333333 0.17916666666666667
16 0.68125 0.6 0.06875 0.190625
12 0.7552083333333334 0.5979166666666667 0.06875 0.18125
0 0.8270833333333333 0.5958333333333333 0.06458333333333334 0.18333333333333332
8 0.9041666666666667 0.6072916666666667 0.078125 0.2