11 0.5645833333333333 0.3541666666666667 0.07083333333333333 0.18229166666666666
4 0.49166666666666664 0.35208333333333336 0.08020833333333334 0.178125
15 0.41770833333333335 0.34791666666666665 0.078125 0.175
17 0.34375 0.34479166666666666 0.071875 0.17604166666666668
13 0.2708333333333333 0.3385416666666667 0.06875 0.17395833333333333
1 0.19479166666666667 0.33125 0.071875 0.175
9 0.12083333333333333 0.33541666666666664 0.06979166666666667 0.171875
10 0.5583333333333333 0.5458333333333333 0.06875 0.17916666666666667
3 0.48854166666666665 0.540625 0.07604166666666666 0.171875
14 0.4166666666666667 0.53125 0.06770833333333333 0.16458333333333333
16 0.34270833333333334 0.5322916666666667 0.07395833333333333 0.17916666666666667
12 0.265625 0.5239583333333333 0.07395833333333333 0.184375
0 0.19270833333333334 0.525 0.07083333333333333 0.18125
8 0.11666666666666667 0.521875 0.07395833333333333 0.18541666666666667