10 0.2760416666666667 0.484375 0.071875 0.203125
11 0.2875 0.25625 0.07916666666666666 0.23333333333333334
4 0.37916666666666665 0.2552083333333333 0.08541666666666667 0.23125
15 0.46458333333333335 0.2552083333333333 0.08958333333333333 0.23020833333333332
17 0.5645833333333333 0.26458333333333334 0.08645833333333333 0.234375
13 0.6541666666666667 0.2604166666666667 0.084375 0.225
1 0.75 0.275 0.07916666666666666 0.225
9 0.8395833333333333 0.2708333333333333 0.08020833333333334 0.22916666666666666
8 0.8458333333333333 0.5083333333333333 0.08125 0.20104166666666667
0 0.75625 0.50625 0.075 0.196875
12 0.6583333333333333 0.5083333333333333 0.084375 0.19791666666666666
16 0.5572916666666666 0.49583333333333335 0.08645833333333333 0.21666666666666667
14 0.4625 0.484375 0.084375 0.215625
3 0.3645833333333333 0.4864583333333333 0.09166666666666666 0.215625