10 0.271875 0.478125 0.071875 0.203125
11 0.8416666666666667 0.5 0.08125 0.19166666666666668
4 0.7510416666666667 0.49375 0.08020833333333334 0.21770833333333334
15 0.6583333333333333 0.496875 0.08958333333333333 0.23020833333333332
17 0.5614583333333333 0.49895833333333334 0.08645833333333333 0.234375
13 0.4625 0.49583333333333335 0.084375 0.225
1 0.36666666666666664 0.4895833333333333 0.07916666666666666 0.225
9 0.8322916666666667 0.7447916666666666 0.07395833333333333 0.21770833333333334
8 0.28020833333333334 0.7291666666666666 0.08125 0.20104166666666667
0 0.3625 0.7375 0.075 0.196875
12 0.46041666666666664 0.7364583333333333 0.084375 0.19791666666666666
16 0.5583333333333333 0.7385416666666667 0.08645833333333333 0.21666666666666667
14 0.6510416666666666 0.7354166666666667 0.084375 0.215625
3 0.7458333333333333 0.7427083333333333 0.09166666666666666 0.215625