11 0.80625 0.5520833333333334 0.07395833333333333 0.175
4 0.7354166666666667 0.55 0.078125 0.17395833333333333
15 0.665625 0.5645833333333333 0.07395833333333333 0.171875
17 0.5864583333333333 0.5552083333333333 0.07395833333333333 0.190625
13 0.5125 0.55 0.075 0.2
1 0.4427083333333333 0.5635416666666667 0.07291666666666667 0.17708333333333334
9 0.36354166666666665 0.51875 0.075 0.190625
8 0.36354166666666665 0.7364583333333333 0.08645833333333333 0.184375
0 0.440625 0.74375 0.071875 0.18333333333333332
12 0.6604166666666667 0.7489583333333333 0.06354166666666666 0.18645833333333334
16 0.59375 0.7458333333333333 0.078125 0.18229166666666666
12 0.515625 0.7552083333333334 0.06979166666666667 0.19270833333333334
3 0.7260416666666667 0.7447916666666666 0.07083333333333333 0.18958333333333333
10 0.803125 0.7458333333333333 0.071875 0.203125