9 0.60625 0.4041666666666667 0.065625 0.17708333333333334
8 0.6010416666666667 0.596875 0.065625 0.18854166666666666
1 0.53125 0.4 0.07604166666666666 0.18020833333333333
0 0.5239583333333333 0.5947916666666667 0.06979166666666667 0.17916666666666667
13 0.45208333333333334 0.4 0.071875 0.17916666666666667
12 0.45 0.596875 0.0625 0.18020833333333333
17 0.378125 0.4041666666666667 0.08333333333333333 0.19166666666666668
16 0.3770833333333333 0.5895833333333333 0.075 0.18541666666666667
15 0.30833333333333335 0.40208333333333335 0.07708333333333334 0.190625
14 0.30520833333333336 0.5927083333333333 0.07916666666666666 0.17708333333333334
4 0.23541666666666666 0.39791666666666664 0.07395833333333333 0.18125
3 0.23333333333333334 0.5958333333333333 0.06875 0.18333333333333332
11 0.16145833333333334 0.3958333333333333 0.07083333333333333 0.178125
10 0.1625 0.5895833333333333 0.07291666666666667 0.18854166666666666