11 0.4322916666666667 0.6822916666666666 0.07083333333333333 0.18229166666666666
4 0.50625 0.6927083333333334 0.08020833333333334 0.178125
15 0.58125 0.6979166666666666 0.078125 0.175
17 0.6552083333333333 0.71875 0.071875 0.17604166666666668
13 0.7291666666666666 0.725 0.06875 0.17395833333333333
1 0.803125 0.734375 0.071875 0.175
9 0.8760416666666667 0.746875 0.06979166666666667 0.171875
10 0.44375 0.4875 0.06875 0.17916666666666667
3 0.5177083333333333 0.496875 0.07604166666666666 0.171875
14 0.5885416666666666 0.503125 0.06770833333333333 0.16458333333333333
16 0.6614583333333334 0.5125 0.07395833333333333 0.17916666666666667
12 0.7395833333333334 0.5208333333333334 0.07395833333333333 0.184375
0 0.8125 0.5302083333333333 0.07083333333333333 0.18125
8 0.88125 0.54375 0.07395833333333333 0.18541666666666667