10 0.13541666666666666 0.29375 0.071875 0.203125
11 0.121875 0.5364583333333334 0.07916666666666666 0.23333333333333334
4 0.2125 0.5447916666666667 0.08541666666666667 0.23125
15 0.3145833333333333 0.5479166666666667 0.08958333333333333 0.23020833333333332
17 0.41041666666666665 0.5489583333333333 0.08645833333333333 0.234375
13 0.50625 0.5645833333333333 0.084375 0.225
1 0.6 0.56875 0.07916666666666666 0.225
9 0.6875 0.5729166666666666 0.08020833333333334 0.22916666666666666
8 0.690625 0.328125 0.08125 0.20104166666666667
0 0.5979166666666667 0.3145833333333333 0.075 0.196875
12 0.5114583333333333 0.3229166666666667 0.084375 0.19791666666666666
16 0.4166666666666667 0.3072916666666667 0.08645833333333333 0.21666666666666667
14 0.3125 0.30104166666666665 0.084375 0.215625
3 0.22604166666666667 0.29375 0.09166666666666666 0.215625