0 0.5072916666666667 0.13541666666666666 0.140625 0.13125
1 0.6895833333333333 0.12604166666666666 0.13958333333333334 0.1375
12 0.5125 0.2760416666666667 0.15520833333333334 0.14166666666666666
13 0.6927083333333334 0.26875 0.14791666666666667 0.14375
16 0.5177083333333333 0.4270833333333333 0.14791666666666667 0.13020833333333334
17 0.7041666666666667 0.415625 0.1375 0.13958333333333334
14 0.5239583333333333 0.56875 0.14375 0.13645833333333332
15 0.7083333333333334 0.5552083333333333 0.14270833333333333 0.12083333333333333
3 0.528125 0.7197916666666667 0.14375 0.128125
4 0.7166666666666667 0.703125 0.140625 0.1375
10 0.534375 0.8625 0.146875 0.13854166666666667
11 0.6916666666666667 0.8739583333333333 0.1125 0.140625
5 0.7549153645833333 0.9518624437500001 0.7601748500000001 0.9114188062499999 0.78896949375 0.9122698104166667 0.7853190104166666 0.7735142291666667 0.6514927458333334 0.7864327562500001 0.7476190479166667 0.7964285708333333 0.7549153645833333 0.9518624437500001