11 0.9083333333333333 0.3885416666666667 0.07395833333333333 0.175
4 0.8333333333333334 0.3875 0.078125 0.17395833333333333
15 0.759375 0.384375 0.07395833333333333 0.171875
17 0.6927083333333334 0.378125 0.07395833333333333 0.190625
13 0.6239583333333333 0.375 0.075 0.184375
1 0.5458333333333333 0.37395833333333334 0.07291666666666667 0.17708333333333334
9 0.47604166666666664 0.3854166666666667 0.075 0.190625
8 0.4739583333333333 0.1875 0.07708333333333334 0.184375
0 0.55 0.18229166666666666 0.071875 0.18333333333333332
12 0.7666666666666667 0.18645833333333334 0.06354166666666666 0.18645833333333334
16 0.696875 0.18020833333333333 0.078125 0.18229166666666666
12 0.621875 0.18854166666666666 0.06979166666666667 0.19270833333333334
3 0.8395833333333333 0.18645833333333334 0.07083333333333333 0.18958333333333333
10 0.9104166666666667 0.19375 0.071875 0.203125