11 0.4354166666666667 0.653125 0.07083333333333333 0.18229166666666666
4 0.5072916666666667 0.6583333333333333 0.08020833333333334 0.178125
15 0.5833333333333334 0.6645833333333333 0.078125 0.175
17 0.65625 0.6645833333333333 0.071875 0.17604166666666668
13 0.7291666666666666 0.6677083333333333 0.06875 0.17395833333333333
1 0.8041666666666667 0.6729166666666667 0.071875 0.175
9 0.8770833333333333 0.6760416666666667 0.06979166666666667 0.171875
10 0.440625 0.45625 0.06875 0.17916666666666667
3 0.509375 0.4583333333333333 0.07604166666666666 0.171875
14 0.5864583333333333 0.45729166666666665 0.06770833333333333 0.16458333333333333
16 0.659375 0.4708333333333333 0.07395833333333333 0.17916666666666667
12 0.7322916666666667 0.4739583333333333 0.07395833333333333 0.184375
0 0.8052083333333333 0.4739583333333333 0.07083333333333333 0.18125
8 0.8802083333333334 0.4791666666666667 0.07395833333333333 0.18541666666666667