11 0.45 0.40520833333333334 0.07291666666666667 0.17604166666666668
10 0.45 0.5989583333333334 0.07083333333333333 0.17291666666666666
3 0.5270833333333333 0.6072916666666667 0.075 0.190625
14 0.6020833333333333 0.6020833333333333 0.07604166666666666 0.175
16 0.6708333333333333 0.60625 0.071875 0.18541666666666667
12 0.7489583333333333 0.5979166666666667 0.08229166666666667 0.1875
0 0.815625 0.6 0.06770833333333333 0.18020833333333333
8 0.8895833333333333 0.596875 0.0875 0.18541666666666667
9 0.8833333333333333 0.40625 0.07916666666666666 0.19375
1 0.8125 0.39791666666666664 0.071875 0.19895833333333332
13 0.7427083333333333 0.403125 0.08333333333333333 0.19583333333333333
17 0.6708333333333333 0.415625 0.07395833333333333 0.20520833333333333
15 0.596875 0.41041666666666665 0.07708333333333334 0.21145833333333333
4 0.5177083333333333 0.40208333333333335 0.08020833333333334 0.20625