5 0.10279947916666667 0.5242327020833334 0.12978980625 0.5379185270833333 0.19367094583333333 0.5732491625 0.20386439791666666 0.6853864395833333 0.2552176333333333 0.4687360479166667 0.17151227708333333 0.4277553020833333 0.13383556666666668 0.5361886166666667 0.10714285833333334 0.5232142854166667 0.10279947916666667 0.5242327020833334
4 0.26875 0.6 0.09895833333333333 0.20625
15 0.36666666666666664 0.659375 0.07083333333333333 0.20625
17 0.459375 0.7072916666666667 0.06666666666666667 0.18125
13 0.553125 0.7572916666666667 0.075 0.175
1 0.64375 0.7989583333333333 0.06458333333333334 0.17083333333333334
9 0.7322916666666667 0.8375 0.07708333333333334 0.16875
10 0.13125 0.8072916666666666 0.06770833333333333 0.20729166666666668
3 0.21979166666666666 0.8458333333333333 0.09479166666666666 0.17291666666666666
14 0.3145833333333333 0.8875 0.06770833333333333 0.16354166666666667
16 0.39791666666666664 0.9302083333333333 0.08125 0.13958333333333334