10 0.7572916666666667 0.4635416666666667 0.071875 0.203125
11 0.18229166666666666 0.43125 0.08125 0.19166666666666668
4 0.28229166666666666 0.44479166666666664 0.08020833333333334 0.21770833333333334
15 0.3802083333333333 0.45208333333333334 0.08958333333333333 0.23020833333333332
17 0.4864583333333333 0.45208333333333334 0.08645833333333333 0.234375
13 0.5791666666666667 0.4510416666666667 0.084375 0.225
1 0.6708333333333333 0.45625 0.07916666666666666 0.225
9 0.1875 0.678125 0.07395833333333333 0.21770833333333334
8 0.7510416666666667 0.709375 0.08125 0.20104166666666667
0 0.659375 0.70625 0.075 0.196875
12 0.5645833333333333 0.6927083333333334 0.084375 0.19791666666666666
16 0.4739583333333333 0.690625 0.08645833333333333 0.21666666666666667
14 0.37395833333333334 0.684375 0.084375 0.215625
3 0.28229166666666666 0.6770833333333334 0.09166666666666666 0.215625