11 0.12395833333333334 0.5791666666666667 0.07395833333333333 0.175
4 0.19791666666666666 0.5760416666666667 0.078125 0.17395833333333333
15 0.26145833333333335 0.5708333333333333 0.07395833333333333 0.171875
17 0.33541666666666664 0.56875 0.07395833333333333 0.190625
13 0.40625 0.5614583333333333 0.075 0.2
1 0.48541666666666666 0.5604166666666667 0.07291666666666667 0.17708333333333334
9 0.559375 0.5479166666666667 0.075 0.190625
8 0.5635416666666667 0.7395833333333334 0.08645833333333333 0.184375
0 0.4895833333333333 0.7520833333333333 0.071875 0.18333333333333332
12 0.265625 0.7645833333333333 0.06354166666666666 0.18645833333333334
16 0.34479166666666666 0.76875 0.078125 0.18229166666666666
12 0.41875 0.7645833333333333 0.06979166666666667 0.19270833333333334
3 0.19583333333333333 0.76875 0.07083333333333333 0.18958333333333333
10 0.125 0.76875 0.071875 0.203125