10 0.19375 0.34479166666666666 0.071875 0.203125
11 0.19479166666666667 0.59375 0.07916666666666666 0.23333333333333334
4 0.284375 0.590625 0.08541666666666667 0.23125
15 0.378125 0.5833333333333334 0.08958333333333333 0.23020833333333332
17 0.48020833333333335 0.5791666666666667 0.08645833333333333 0.234375
13 0.5791666666666667 0.5645833333333333 0.084375 0.225
1 0.6708333333333333 0.5697916666666667 0.06979166666666667 0.225
9 0.76875 0.5614583333333333 0.08020833333333334 0.22916666666666666
8 0.7541666666666667 0.3125 0.08125 0.20104166666666667
0 0.6635416666666667 0.3145833333333333 0.075 0.196875
12 0.5697916666666667 0.334375 0.084375 0.19791666666666666
16 0.478125 0.3385416666666667 0.08645833333333333 0.21666666666666667
14 0.38333333333333336 0.33958333333333335 0.084375 0.215625
3 0.28541666666666665 0.3489583333333333 0.09166666666666666 0.215625