11 0.5677083333333334 0.3177083333333333 0.07083333333333333 0.18229166666666666
4 0.49375 0.3072916666666667 0.08020833333333334 0.178125
15 0.41875 0.3020833333333333 0.078125 0.175
17 0.34479166666666666 0.28125 0.071875 0.17604166666666668
13 0.2708333333333333 0.275 0.06875 0.17395833333333333
1 0.196875 0.265625 0.071875 0.175
9 0.12395833333333334 0.253125 0.06979166666666667 0.171875
10 0.55625 0.5125 0.06875 0.17916666666666667
3 0.4822916666666667 0.503125 0.07604166666666666 0.171875
14 0.4114583333333333 0.496875 0.06770833333333333 0.16458333333333333
16 0.3385416666666667 0.4875 0.07395833333333333 0.17916666666666667
12 0.2604166666666667 0.4791666666666667 0.07395833333333333 0.184375
0 0.1875 0.46979166666666666 0.07083333333333333 0.18125
8 0.11875 0.45625 0.07395833333333333 0.18541666666666667