11 0.45729166666666665 0.21354166666666666 0.07083333333333333 0.165625
4 0.5270833333333333 0.20833333333333334 0.06354166666666666 0.16458333333333333
15 0.6052083333333333 0.20416666666666666 0.07395833333333333 0.1875
17 0.6791666666666667 0.21458333333333332 0.075 0.18854166666666666
13 0.75625 0.20520833333333333 0.078125 0.17916666666666667
1 0.828125 0.20104166666666667 0.06354166666666666 0.175
9 0.903125 0.20104166666666667 0.078125 0.19166666666666668
10 0.4625 0.4083333333333333 0.07395833333333333 0.18333333333333332
3 0.5364583333333334 0.403125 0.065625 0.18333333333333332
14 0.603125 0.39895833333333336 0.07083333333333333 0.17916666666666667
16 0.68125 0.4 0.06875 0.190625
12 0.7552083333333334 0.40208333333333335 0.06875 0.18125
0 0.8270833333333333 0.4041666666666667 0.06458333333333334 0.18333333333333332
8 0.9041666666666667 0.3927083333333333 0.078125 0.2