10 0.728125 0.521875 0.071875 0.203125
11 0.15833333333333333 0.5 0.08125 0.19166666666666668
4 0.24895833333333334 0.50625 0.08020833333333334 0.21770833333333334
15 0.3416666666666667 0.503125 0.08958333333333333 0.23020833333333332
17 0.43854166666666666 0.5010416666666667 0.08645833333333333 0.234375
13 0.5375 0.5041666666666667 0.084375 0.225
1 0.6333333333333333 0.5104166666666666 0.07916666666666666 0.225
9 0.16770833333333332 0.2552083333333333 0.07395833333333333 0.21770833333333334
8 0.7197916666666667 0.2708333333333333 0.08125 0.20104166666666667
0 0.6375 0.2625 0.075 0.196875
12 0.5395833333333333 0.2635416666666667 0.084375 0.19791666666666666
16 0.44166666666666665 0.26145833333333335 0.08645833333333333 0.21666666666666667
14 0.3489583333333333 0.26458333333333334 0.084375 0.215625
3 0.25416666666666665 0.25729166666666664 0.09166666666666666 0.215625