6 0.7083333333333334 0.6 0.25 0.05520833333333333
6 0.8760416666666667 0.16979166666666667 0.1 0.05416666666666667
6 0.6416666666666667 0.21770833333333334 0.115625 0.06041666666666667
6 0.8145833333333333 0.20520833333333333 0.11145833333333334 0.03958333333333333
6 0.8666666666666667 0.8197916666666667 0.146875 0.06354166666666666
6 0.684375 0.9114583333333334 0.15104166666666666 0.04791666666666667
6 0.5760416666666667 0.8197916666666667 0.09791666666666667 0.058333333333333334
6 0.7635416666666667 0.7833333333333333 0.11145833333333334 0.06458333333333334
6 0.6770833333333334 0.7708333333333334 0.12708333333333333 0.07395833333333333
6 0.8104166666666667 0.8947916666666667 0.13229166666666667 0.071875
6 0.08645833333333333 0.5177083333333333 0.10520833333333333 0.08125
6 0.1 0.7854166666666667 0.096875 0.03854166666666667