2 0.2552083333333333 0.3104166666666667 0.146875 0.07083333333333333
2 0.0875 0.3958333333333333 0.11770833333333333 0.0875
2 0.43125 0.31354166666666666 0.13854166666666667 0.10833333333333334
2 0.5833333333333334 0.4479166666666667 0.13125 0.08541666666666667
2 0.7479166666666667 0.178125 0.1375 0.07604166666666666
2 0.6020833333333333 0.18125 0.15520833333333334 0.08645833333333333
2 0.9145833333333333 0.17291666666666666 0.109375 0.06458333333333334
2 0.8916666666666667 0.3260416666666667 0.14375 0.08333333333333333
2 0.7479166666666667 0.31875 0.11666666666666667 0.0625
2 0.6 0.32708333333333334 0.10104166666666667 0.051041666666666666
2 0.425 0.7072916666666667 0.15416666666666667 0.06875
2 0.40625 0.7708333333333334 0.16041666666666668 0.04895833333333333
2 0.09479166666666666 0.7479166666666667 0.14375 0.057291666666666664