6 0.5239583333333333 0.646875 0.2989583333333333 0.09270833333333334
6 0.9145833333333333 0.653125 0.153125 0.16354166666666667
6 0.3458333333333333 0.7854166666666667 0.21979166666666666 0.09166666666666666
6 0.09479166666666666 0.709375 0.15208333333333332 0.05
6 0.2875 0.7177083333333333 0.19583333333333333 0.051041666666666666
6 0.146875 0.5739583333333333 0.228125 0.0625
6 0.19166666666666668 0.6489583333333333 0.33645833333333336 0.06666666666666667
6 0.30416666666666664 0.4197916666666667 0.265625 0.08854166666666667
6 0.6791666666666667 0.40520833333333334 0.19270833333333334 0.07604166666666666
6 0.8083333333333333 0.47708333333333336 0.19895833333333332 0.08645833333333333
6 0.3854166666666667 0.5697916666666667 0.20729166666666668 0.1
6 0.9354166666666667 0.5479166666666667 0.11145833333333334 0.040625
6 0.515625 0.7333333333333333 0.17916666666666667 0.06354166666666666
6 0.2552083333333333 0.5177083333333333 0.1875 0.06979166666666667