2 0.2552083333333333 0.6895833333333333 0.146875 0.07083333333333333
2 0.0875 0.6041666666666666 0.11770833333333333 0.0875
2 0.43125 0.6864583333333333 0.13854166666666667 0.10833333333333334
2 0.5833333333333334 0.5520833333333334 0.13125 0.08541666666666667
2 0.7479166666666667 0.821875 0.1375 0.07604166666666666
2 0.6020833333333333 0.81875 0.15520833333333334 0.08645833333333333
2 0.9145833333333333 0.8270833333333333 0.109375 0.06458333333333334
2 0.8916666666666667 0.6739583333333333 0.14375 0.08333333333333333
2 0.7479166666666667 0.68125 0.11666666666666667 0.0625
2 0.6 0.6729166666666667 0.10104166666666667 0.051041666666666666
2 0.425 0.29270833333333335 0.15416666666666667 0.06875
2 0.40625 0.22916666666666666 0.16041666666666668 0.04895833333333333
2 0.09479166666666666 0.2520833333333333 0.14375 0.057291666666666664