2 0.8020833333333334 0.7052083333333333 0.24479166666666666 0.203125
2 0.6375 0.590625 0.21354166666666666 0.190625
2 0.2708333333333333 0.6708333333333333 0.434375 0.27708333333333335
2 0.7239583333333334 0.315625 0.30104166666666665 0.21354166666666666
2 0.2552083333333333 0.41041666666666665 0.121875 0.065625
2 0.4 0.415625 0.13125 0.06666666666666667
2 0.11145833333333334 0.41354166666666664 0.125 0.06354166666666666
2 0.4 0.3458333333333333 0.12291666666666666 0.08125
2 0.4041666666666667 0.20416666666666666 0.12395833333333334 0.058333333333333334
2 0.10520833333333333 0.34791666666666665 0.11875 0.065625
2 0.2520833333333333 0.20625 0.13229166666666667 0.06979166666666667
2 0.10729166666666666 0.20416666666666666 0.125 0.071875