6 0.24166666666666667 0.771875 0.25729166666666664 0.20625
6 0.178125 0.49895833333333334 0.31979166666666664 0.15520833333333334
6 0.35104166666666664 0.5416666666666666 0.2875 0.1125
6 0.7375 0.678125 0.48854166666666665 0.10416666666666667
6 0.6385416666666667 0.8625 0.14791666666666667 0.071875
6 0.721875 0.834375 0.140625 0.06770833333333333
6 0.353125 0.2916666666666667 0.17395833333333333 0.08229166666666667
6 0.13020833333333334 0.20625 0.21979166666666666 0.103125
6 0.13333333333333333 0.303125 0.196875 0.09791666666666667
6 0.3458333333333333 0.196875 0.215625 0.090625
6 0.8854166666666666 0.5125 0.1375 0.08958333333333333
6 0.746875 0.5125 0.12604166666666666 0.08645833333333333
6 0.55625 0.5052083333333334 0.07291666666666667 0.06979166666666667
6 0.6322916666666667 0.503125 0.05 0.0875