2 0.21041666666666667 0.6104166666666667 0.36041666666666666 0.103125
2 0.3125 0.5322916666666667 0.34791666666666665 0.090625
2 0.3020833333333333 0.29583333333333334 0.33229166666666665 0.2125
2 0.7489583333333333 0.33645833333333336 0.16041666666666668 0.08958333333333333
2 0.9125 0.33958333333333335 0.14375 0.09895833333333333
2 0.7572916666666667 0.425 0.15729166666666666 0.06979166666666667
2 0.7489583333333333 0.24583333333333332 0.15 0.078125
2 0.596875 0.3333333333333333 0.109375 0.09479166666666666
2 0.9177083333333333 0.43125 0.13020833333333334 0.08125
2 0.6833333333333333 0.5395833333333333 0.1125 0.05520833333333333
2 0.7989583333333333 0.8416666666666667 0.12083333333333333 0.06666666666666667
2 0.6802083333333333 0.8479166666666667 0.103125 0.05520833333333333
2 0.915625 0.796875 0.10833333333333334 0.058333333333333334
2 0.56875 0.5395833333333333 0.11145833333333334 0.05625