2 0.2833333333333333 0.6666666666666666 0.3385416666666667 0.30625
2 0.7677083333333333 0.6114583333333333 0.41875 0.21979166666666666
2 0.215625 0.278125 0.3020833333333333 0.20104166666666667
2 0.60625 0.20520833333333333 0.13229166666666667 0.04375
2 0.9125 0.2708333333333333 0.125 0.06145833333333333
2 0.5916666666666667 0.3770833333333333 0.159375 0.06354166666666666
2 0.7520833333333333 0.375 0.14895833333333333 0.05625
2 0.9135416666666667 0.31875 0.14270833333333333 0.040625
2 0.7427083333333333 0.3229166666666667 0.15208333333333332 0.051041666666666666
2 0.9083333333333333 0.19791666666666666 0.14166666666666666 0.065625
2 0.7479166666666667 0.14166666666666666 0.15104166666666666 0.05625
2 0.6 0.15104166666666666 0.12708333333333333 0.058333333333333334
2 0.753125 0.265625 0.15833333333333333 0.06666666666666667
2 0.60625 0.26875 0.125 0.06145833333333333
2 0.596875 0.325 0.153125 0.05520833333333333