6 0.2916666666666667 0.4 0.25 0.05520833333333333
6 0.12395833333333334 0.8302083333333333 0.1 0.05416666666666667
6 0.35833333333333334 0.7822916666666667 0.115625 0.06041666666666667
6 0.18541666666666667 0.7947916666666667 0.11145833333333334 0.03958333333333333
6 0.13333333333333333 0.18020833333333333 0.146875 0.06354166666666666
6 0.315625 0.08854166666666667 0.15104166666666666 0.04791666666666667
6 0.4239583333333333 0.18020833333333333 0.09791666666666667 0.058333333333333334
6 0.23645833333333333 0.21666666666666667 0.11145833333333334 0.06458333333333334
6 0.3229166666666667 0.22916666666666666 0.12708333333333333 0.07395833333333333
6 0.18958333333333333 0.10520833333333333 0.13229166666666667 0.071875
6 0.9135416666666667 0.4822916666666667 0.10520833333333333 0.08125
6 0.9 0.21458333333333332 0.096875 0.03854166666666667