2 0.7895833333333333 0.38958333333333334 0.36041666666666666 0.103125
2 0.6875 0.46770833333333334 0.34791666666666665 0.090625
2 0.6979166666666666 0.7041666666666667 0.33229166666666665 0.2125
2 0.25104166666666666 0.6635416666666667 0.16041666666666668 0.08958333333333333
2 0.0875 0.6604166666666667 0.14375 0.09895833333333333
2 0.24270833333333333 0.575 0.15729166666666666 0.06979166666666667
2 0.25104166666666666 0.7541666666666667 0.15 0.078125
2 0.403125 0.6666666666666666 0.109375 0.09479166666666666
2 0.08229166666666667 0.56875 0.13020833333333334 0.08125
2 0.31666666666666665 0.46041666666666664 0.1125 0.05520833333333333
2 0.20104166666666667 0.15833333333333333 0.12083333333333333 0.06666666666666667
2 0.31979166666666664 0.15208333333333332 0.103125 0.05520833333333333
2 0.084375 0.203125 0.10833333333333334 0.058333333333333334
2 0.43125 0.46041666666666664 0.11145833333333334 0.05625