6 0.23958333333333334 0.7375 0.4 0.07604166666666666
6 0.24479166666666666 0.8145833333333333 0.41770833333333335 0.065625
6 0.7302083333333333 0.3458333333333333 0.4 0.16458333333333333
6 0.11979166666666667 0.11979166666666667 0.23229166666666667 0.11875
6 0.3645833333333333 0.12604166666666666 0.23333333333333334 0.11979166666666667
6 0.8197916666666667 0.10208333333333333 0.203125 0.06041666666666667
6 0.6166666666666667 0.09583333333333334 0.20208333333333334 0.08541666666666667
6 0.06770833333333333 0.5510416666666667 0.07708333333333334 0.042708333333333334
6 0.39375 0.5364583333333334 0.10104166666666667 0.046875
6 0.20729166666666668 0.5916666666666667 0.07708333333333334 0.03125
6 0.6760416666666667 0.6166666666666667 0.09375 0.03333333333333333
6 0.8708333333333333 0.64375 0.08125 0.03958333333333333