6 0.6291666666666667 0.7510416666666667 0.17708333333333334 0.175
6 0.3489583333333333 0.6614583333333334 0.18229166666666666 0.159375
6 0.37604166666666666 0.5114583333333333 0.15520833333333334 0.153125
6 0.75625 0.46145833333333336 0.18229166666666666 0.175
6 0.7697916666666667 0.621875 0.12604166666666666 0.134375
6 0.90625 0.46770833333333334 0.14166666666666666 0.128125
6 0.903125 0.75625 0.13020833333333334 0.15
6 0.09166666666666666 0.584375 0.178125 0.1625
6 0.14583333333333334 0.7010416666666667 0.23541666666666666 0.12604166666666666
6 0.634375 0.5510416666666667 0.203125 0.115625
6 0.5166666666666667 0.4510416666666667 0.16145833333333334 0.14375
6 0.48541666666666666 0.7552083333333334 0.13020833333333334 0.153125