6 0.24166666666666667 0.8333333333333334 0.178125 0.075
6 0.29583333333333334 0.7822916666666667 0.18333333333333332 0.05416666666666667
6 0.14583333333333334 0.5927083333333333 0.19895833333333332 0.10729166666666666
6 0.36770833333333336 0.5927083333333333 0.22708333333333333 0.10208333333333333
6 0.38645833333333335 0.48020833333333335 0.24583333333333332 0.10208333333333333
6 0.6604166666666667 0.465625 0.134375 0.08333333333333333
6 0.8520833333333333 0.46458333333333335 0.18541666666666667 0.08125
6 0.7447916666666666 0.6875 0.40520833333333334 0.078125
6 0.7572916666666667 0.771875 0.3385416666666667 0.08854166666666667
6 0.75625 0.25104166666666666 0.309375 0.08125
6 0.7697916666666667 0.17395833333333333 0.3458333333333333 0.096875
6 0.23854166666666668 0.2833333333333333 0.19895833333333332 0.03854166666666667