6 0.4270833333333333 0.146875 0.15416666666666667 0.042708333333333334
6 0.27395833333333336 0.21041666666666667 0.15625 0.0625
6 0.10625 0.21145833333333333 0.11041666666666666 0.06770833333333333
6 0.265625 0.14375 0.07916666666666666 0.05416666666666667
6 0.09479166666666666 0.14895833333333333 0.18958333333333333 0.042708333333333334
6 0.41875 0.21354166666666666 0.09895833333333333 0.06354166666666666
6 0.7291666666666666 0.321875 0.43020833333333336 0.06979166666666667
6 0.7322916666666667 0.3927083333333333 0.36770833333333336 0.08645833333333333
6 0.6510416666666666 0.175 0.06770833333333333 0.04375
6 0.31145833333333334 0.6135416666666667 0.12604166666666666 0.03125
6 0.421875 0.60625 0.11979166666666667 0.041666666666666664
6 0.421875 0.6208333333333333 0.09166666666666666 0.04583333333333333