5 0.7641015625 0.49925130208333335 0.7641962875 0.4992068875 0.7270996104166667 0.4880794270833333 0.71779296875 0.47320963541666666 0.7033007812500001 0.4679361979166667 0.7078222666666666 0.55970703125 0.7662597666666666 0.5571679687500001 0.7641015625 0.49925130208333335
5 0.6899365229166666 0.5567708333333333 0.6923386375 0.4632663125 0.6401513666666666 0.46686197916666666 0.61361328125 0.40895833333333337 0.63580078125 0.48559895833333333 0.61548828125 0.4976041666666667 0.6235449229166666 0.5615690104166667 0.6899365229166666 0.5567708333333333
5 0.5493603520833333 0.4356770833333333 0.5460986333333333 0.5622981770833333 0.620234375 0.5569075520833333 0.615 0.49166666666666664 0.5593554687500001 0.49222005208333336 0.5493603520833333 0.4356770833333333
5 0.5374072270833333 0.44200520833333334 0.5380322270833333 0.42575520833333336 0.4755175770833333 0.4320247395833333 0.46910156249999996 0.40668619791666666 0.47 0.5700000000000001 0.5379736333333334 0.5635546875 0.5374072270833333 0.44200520833333334
5 0.3847167979166667 0.4776171875 0.39770507708333336 0.4192252604166667 0.3826855479166667 0.47731770833333337 0.3953222645833333 0.48160156249999997 0.4023486333333333 0.57419921875 0.46579589791666665 0.5656770833333333 0.4626074229166666 0.40685546875 0.45875 0.4766666666666667 0.3847167979166667 0.4776171875
5 0.31482421875 0.470625 0.3272314458333333 0.570234375 0.3962688458333333 0.57000410625 0.38107910208333334 0.45279296874999997 0.31345703124999996 0.4686783854166666 0.29021487916666666 0.4526415875 0.28870605416666667 0.45560546875 0.31482421875 0.470625
5 0.32210937500000003 0.5689713541666667 0.3136621104166667 0.46650390625 0.2854920875 0.4750651416666667 0.285390625 0.47577473958333333 0.28300403125 0.47582129375 0.28013671874999996 0.4766927083333333 0.28042619166666666 0.47587158125 0.20662597708333333 0.47731119791666665 0.24585937500000002 0.48658203125 0.25636718750000004 0.5755013020833334 0.32210937500000003 0.5689713541666667
5 0.31236328124999996 0.2958528645833333 0.31579840000000003 0.24618833125 0.24993163958333334 0.253671875 0.2348828125 0.27014322916666667 0.28499511666666666 0.27462890625 0.28781738333333334 0.30267578125 0.31236328124999996 0.2958528645833333
5 0.32377929791666665 0.24849609375 0.31153320416666663 0.2969921875 0.36264160208333335 0.30465494791666664 0.3825 0.39166666666666666 0.38334961041666665 0.2480859375 0.32377929791666665 0.24849609375
5 0.45541503958333335 0.26609374999999996 0.4645605479166666 0.38415364583333333 0.4640673833333333 0.23471354166666666 0.39243652291666664 0.23850911458333332 0.38999999999999996 0.26666666666666666 0.45541503958333335 0.26609374999999996
5 0.46719726666666667 0.2423828125 0.46719726666666667 0.25893229166666665 0.5404443354166666 0.2553841145833333 0.5375 0.3716666666666667 0.5412207041666667 0.23932942708333332 0.46719726666666667 0.2423828125
5 0.54869140625 0.2396875 0.5434863291666667 0.2683203125 0.6213134770833334 0.2613932291666667 0.6237499999999999 0.3016666666666667 0.6252246104166667 0.23571614583333333 0.54869140625 0.2396875
5 0.6289355479166667 0.23689453124999998 0.6206063166666667 0.30193231875 0.63869140625 0.25884765625 0.7087744145833333 0.25796223958333336 0.7002490229166667 0.22861979166666666 0.6289355479166667 0.23689453124999998
5 0.7028417979166667 0.23123046875 0.7111962895833333 0.25009114583333336 0.7525603000000001 0.23869337708333335 0.7488720708333333 0.22637369791666667 0.7028417979166667 0.23123046875