10 0.803125 0.3625 0.08854166666666667 0.12083333333333333
11 0.8197916666666667 0.5166666666666667 0.10104166666666667 0.11458333333333333
3 0.6989583333333333 0.37083333333333335 0.08958333333333333 0.12708333333333333
4 0.709375 0.5135416666666667 0.090625 0.128125
14 0.5916666666666667 0.3729166666666667 0.103125 0.12291666666666666
15 0.603125 0.5208333333333334 0.1 0.11041666666666666
16 0.48125 0.37916666666666665 0.103125 0.11354166666666667
17 0.496875 0.528125 0.09791666666666667 0.1125
12 0.3770833333333333 0.384375 0.09583333333333334 0.115625
13 0.38645833333333335 0.5322916666666667 0.09375 0.11041666666666666
0 0.2708333333333333 0.38645833333333335 0.103125 0.11770833333333333
1 0.27395833333333336 0.540625 0.10208333333333333 0.11979166666666667
8 0.1625 0.3958333333333333 0.1 0.125
9 0.17395833333333333 0.5458333333333333 0.08958333333333333 0.10625