5 0.7225 0.7616666666666667 0.7110986333333333 0.6081966145833333 0.6999267583333334 0.6106901041666667 0.71443359375 0.7667317708333333 0.7238671875 0.7650130208333333 0.7225 0.7616666666666667
5 0.6163134770833333 0.60322265625 0.6100537104166667 0.7263151041666667 0.6275 0.7483333333333333 0.6236572270833334 0.60322265625 0.6163134770833333 0.60322265625
5 0.525 0.6116666666666667 0.5198486333333333 0.6121028645833333 0.5260400395833333 0.7347786458333334 0.525 0.6116666666666667
5 0.3477490229166667 0.6055729166666667 0.3215869145833333 0.7314713541666666 0.34125 0.7233333333333333 0.3477490229166667 0.6055729166666667
5 0.8006689458333334 0.5064908854166666 0.79955078125 0.39735026041666666 0.7124707020833333 0.39825520833333333 0.7053466791666666 0.56060546875 0.7412548833333333 0.5350716145833334 0.8352978520833333 0.5401692708333333 0.8006689458333334 0.5064908854166666
5 0.7000292979166667 0.5585286458333333 0.7067187500000001 0.3961588541666667 0.6180566395833333 0.3893619791666667 0.6118994145833334 0.5447721354166667 0.6359375 0.5811588541666667 0.7229345708333333 0.5878255208333333 0.7245751958333333 0.5860481770833333 0.7000292979166667 0.5585286458333333
5 0.5270214833333333 0.38962890624999996 0.53029296875 0.49660156250000004 0.5246923833333333 0.5247330729166666 0.6104589833333333 0.5247330729166666 0.6075439458333334 0.50388671875 0.6111132812500001 0.39400390625 0.5270214833333333 0.38962890624999996
5 0.51837890625 0.5109049479166666 0.5180517583333333 0.48468098958333333 0.5199316395833333 0.3966015625 0.4343359375 0.3960807291666667 0.4463964833333333 0.4979427083333333 0.41750000000000004 0.515 0.4451904291666667 0.5022005208333333 0.51837890625 0.5109049479166666
5 0.34522949166666667 0.39260416666666664 0.34645019583333336 0.48749348958333333 0.32489257708333336 0.5243880208333334 0.405 0.5283333333333333 0.42939453125 0.48986328125 0.4323681645833333 0.3869205729166667 0.34522949166666667 0.39260416666666664
5 0.2514550770833333 0.38788411458333333 0.2600537104166667 0.47876302083333333 0.22874999999999998 0.5133333333333333 0.3145800770833333 0.5146028645833334 0.34066894583333335 0.47405598958333334 0.33614257708333334 0.4013541666666667 0.2514550770833333 0.38788411458333333
5 0.24515625 0.3844856770833333 0.16073730416666668 0.3802669270833333 0.16974121041666665 0.4792122395833333 0.105 0.4983333333333333 0.18970214791666665 0.5005208333333333 0.246484375 0.494140625 0.24515625 0.3844856770833333