5 0.42087239583333336 0.6912988270833333 0.47333333333333333 0.76 0.4479166666666667 0.7082519520833334 0.5224739583333333 0.717890625 0.5232421875 0.695234375 0.42087239583333336 0.6912988270833333
5 0.43906154375 0.6446176416666667 0.49321504583333337 0.6760460125000001 0.48979245208333333 0.70134988125 0.5283896645833334 0.6887706708333333 0.52943793125 0.6926662958333334 0.5429867895833334 0.6555536916666667 0.43906154375 0.6446176416666667
5 0.5116331083333333 0.6328993208333333 0.5116331083333333 0.6520629604166667 0.5032993812500001 0.6736481 0.5400935729166666 0.6534230875 0.5639259354166666 0.6101506041666667 0.5178860229166667 0.6074853833333334 0.5116331083333333 0.6328993208333333
5 0.5006185625 0.6260358270833334 0.521969025 0.6064240125 0.5617245729166667 0.6115972125 0.5788427833333334 0.5717761479166668 0.5287932479166667 0.5675306645833333 0.5176763708333333 0.5863365854166667 0.5006185625 0.6260358270833334
5 0.5978007020833334 0.5190220833333333 0.5149613562500001 0.5058768083333333 0.5417760416666667 0.5316406041666667 0.5178336104166666 0.5807702833333334 0.5327609395833333 0.5616616770833333 0.5786803 0.565262475 0.5762588020833334 0.5725348312499999 0.5978007020833334 0.5190220833333333
5 0.6227389875 0.46373252083333333 0.5828838541666667 0.45357480833333336 0.55965424375 0.5152758375000001 0.4695923375 0.4569554708333333 0.4699173 0.47794702916666665 0.5340083791666667 0.5290775895833334 0.59846635 0.5160148666666667 0.6227389875 0.46373252083333333
5 0.6195889416666667 0.45270605625000004 0.6491972604166667 0.38976283125 0.47067205208333335 0.36288656041666667 0.5774171375 0.4507641416666667 0.6195889416666667 0.45270605625000004
5 0.27808433541666666 0.68750881875 0.33812386041666664 0.6971869500000001 0.31153455416666664 0.7406638458333333 0.36568805625 0.67673786875 0.2804114895833333 0.6535606729166666 0.27808433541666666 0.68750881875
5 0.27895439791666665 0.6522202020833333 0.34550890625 0.681734175 0.3385012375 0.7202383520833333 0.3818418583333333 0.6616978499999999 0.27895439791666665 0.6522202020833333
5 0.2773505479166667 0.6208665187500001 0.28120293125 0.65623375625 0.33447588958333335 0.6618708145833333 0.332033425 0.6334535916666667 0.2773505479166667 0.6208665187500001
5 0.3385012375 0.6518074458333333 0.33815006666666664 0.62545793125 0.3834195020833333 0.5889428395833334 0.33294541875 0.5889428395833334 0.2914549875 0.6058618791666667 0.2831946395833333 0.5792647104166666 0.27311030625000005 0.5792647104166666 0.2736606458333333 0.6240899416666666 0.33522015833333335 0.6301122375 0.3386322708333333 0.6541739104166666 0.3385012375 0.6518074458333333
5 0.28651240625 0.55951141875 0.305501775 0.5493772916666667 0.305501775 0.533912725 0.26597160416666665 0.5317585354166667 0.27012798541666666 0.5753848104166667 0.284060225 0.5758214708333332 0.28651240625 0.55951141875
5 0.33083316041666666 0.48595841458333333 0.26923695833333333 0.4775578604166667 0.27275389583333337 0.52903435 0.30800713333333335 0.5520936145833333 0.30199007708333336 0.50609694375 0.4126714083333333 0.44421508958333333 0.33083316041666666 0.48595841458333333
5 0.27881288125000003 0.47182252708333333 0.27910639583333335 0.4021926625 0.43599012083333333 0.36145174375 0.25948806874999997 0.33685545625 0.25938848333333336 0.4094178479166667 0.27881288125000003 0.47182252708333333