10 0.3458333333333333 0.7572916666666667 0.2375 0.11145833333333334
11 0.5927083333333333 0.7572916666666667 0.21979166666666666 0.10625
3 0.34479166666666666 0.6479166666666667 0.22291666666666668 0.09895833333333333
4 0.5854166666666667 0.6541666666666667 0.21770833333333334 0.10625
14 0.35 0.5395833333333333 0.21979166666666666 0.096875
15 0.5854166666666667 0.5447916666666667 0.19895833333333332 0.08958333333333333
16 0.34270833333333334 0.453125 0.21979166666666666 0.0875
17 0.5864583333333333 0.45208333333333334 0.246875 0.1
12 0.3541666666666667 0.3572916666666667 0.20208333333333334 0.11458333333333333
13 0.5802083333333333 0.36354166666666665 0.21354166666666666 0.08854166666666667
0 0.346875 0.2708333333333333 0.19375 0.084375
1 0.5770833333333333 0.28020833333333334 0.20104166666666667 0.1
8 0.3489583333333333 0.18333333333333332 0.21770833333333334 0.09270833333333334
9 0.571875 0.18958333333333333 0.22395833333333334 0.08645833333333333