11 0.2875 0.5520833333333334 0.071875 0.17708333333333334
4 0.35833333333333334 0.5604166666666667 0.06979166666666667 0.175
15 0.43333333333333335 0.5552083333333333 0.07291666666666667 0.18020833333333333
17 0.5010416666666667 0.565625 0.071875 0.171875
13 0.5791666666666667 0.559375 0.08229166666666667 0.1875
1 0.6520833333333333 0.55625 0.07916666666666666 0.184375
10 0.28125 0.3645833333333333 0.06875 0.18125
3 0.35520833333333335 0.35833333333333334 0.071875 0.16875
14 0.4322916666666667 0.36354166666666665 0.06979166666666667 0.17916666666666667
16 0.5052083333333334 0.365625 0.071875 0.18020833333333333
12 0.578125 0.3625 0.065625 0.165625
0 0.6520833333333333 0.359375 0.06666666666666667 0.17916666666666667
8 0.7208333333333333 0.3614583333333333 0.06666666666666667 0.17291666666666666
9 0.7177083333333333 0.559375 0.059375 0.18645833333333334
7 0.503125 0.4510416666666667 0.5677083333333334 0.509375