11 0.684375 0.43125 0.06875 0.18020833333333333
4 0.6104166666666667 0.4322916666666667 0.06979166666666667 0.16979166666666667
15 0.5375 0.42604166666666665 0.06145833333333333 0.17083333333333334
17 0.465625 0.42291666666666666 0.06770833333333333 0.16770833333333332
1 0.3177083333333333 0.415625 0.06666666666666667 0.15208333333333332
10 0.6885416666666667 0.6354166666666666 0.06666666666666667 0.17083333333333334
14 0.5354166666666667 0.6333333333333333 0.07083333333333333 0.175
16 0.46145833333333336 0.6291666666666667 0.06875 0.16875
12 0.39166666666666666 0.6260416666666667 0.07395833333333333 0.16666666666666666
0 0.321875 0.6260416666666667 0.06666666666666667 0.16458333333333333
8 0.246875 0.6125 0.07708333333333334 0.171875
9 0.24895833333333334 0.41354166666666664 0.06666666666666667 0.165625
13 0.39166666666666666 0.41458333333333336 0.06458333333333334 0.16041666666666668
5 0.57725539375 0.5932965958333334 0.5788411458333333 0.7103655145833333 0.6501534604166667 0.7107979916666667 0.6577194937499999 0.6492815291666666 0.5859468 0.6476841520833333 0.57725539375 0.5932965958333334
7 0.465625 0.5385416666666667 0.5770833333333333 0.5291666666666667