10 0.703125 0.33541666666666664 0.06875 0.17916666666666667
9 0.2864583333333333 0.546875 0.075 0.17395833333333333
3 0.640625 0.3416666666666667 0.07291666666666667 0.16770833333333332
16 0.4895833333333333 0.5270833333333333 0.065625 0.16770833333333332
16 0.4979166666666667 0.35 0.06666666666666667 0.171875
13 0.42083333333333334 0.540625 0.07395833333333333 0.1625
1 0.353125 0.5395833333333333 0.071875 0.18020833333333333
14 0.565625 0.340625 0.06458333333333334 0.16666666666666666
4 0.640625 0.5302083333333333 0.07083333333333333 0.171875
11 0.7072916666666667 0.5239583333333333 0.06458333333333334 0.18333333333333332
8 0.28020833333333334 0.35520833333333335 0.07708333333333334 0.1625
12 0.415625 0.353125 0.059375 0.16458333333333333
15 0.5635416666666667 0.534375 0.06458333333333334 0.16875
5 0.3117972875 0.2794906375 0.31461846875 0.3537093875 0.2949735458333333 0.37301587291666666 0.3664537875 0.37586805624999997 0.3782655416666667 0.41441127291666663 0.3765914354166667 0.2845052083333333 0.3117972875 0.2794906375
6 0.3385416666666667 0.33958333333333335 0.035416666666666666 0.04791666666666667
7 0.49375 0.46875 0.5822916666666667 0.5052083333333334