11 0.31354166666666666 0.49895833333333334 0.06875 0.18020833333333333
4 0.3927083333333333 0.5083333333333333 0.06979166666666667 0.16979166666666667
15 0.4635416666666667 0.515625 0.06145833333333333 0.17083333333333334
17 0.5354166666666667 0.5125 0.06770833333333333 0.16770833333333332
1 0.6791666666666667 0.5333333333333333 0.06666666666666667 0.15208333333333332
10 0.31875 0.30104166666666665 0.06666666666666667 0.17083333333333334
16 0.5375 0.328125 0.07083333333333333 0.175
14 0.4666666666666667 0.32083333333333336 0.06875 0.16875
3 0.39166666666666666 0.3145833333333333 0.07395833333333333 0.16666666666666666
0 0.6791666666666667 0.33541666666666664 0.06666666666666667 0.16458333333333333
8 0.7583333333333333 0.340625 0.07708333333333334 0.171875
9 0.753125 0.5364583333333334 0.06666666666666667 0.165625
13 0.6083333333333333 0.5291666666666667 0.06458333333333334 0.16041666666666668
12 0.6072916666666667 0.328125 0.06145833333333333 0.175
7 0.5239583333333333 0.4270833333333333 0.6041666666666666 0.515625