4 0.38333333333333336 0.6510416666666666 0.06979166666666667 0.175
15 0.4552083333333333 0.6458333333333334 0.07291666666666667 0.18020833333333333
17 0.534375 0.6572916666666667 0.071875 0.171875
13 0.6072916666666667 0.6541666666666667 0.08229166666666667 0.1875
1 0.68125 0.6541666666666667 0.07916666666666666 0.184375
10 0.30520833333333336 0.46041666666666664 0.06875 0.18125
3 0.37916666666666665 0.45625 0.071875 0.16875
14 0.45208333333333334 0.46145833333333336 0.06979166666666667 0.17916666666666667
16 0.5291666666666667 0.4552083333333333 0.071875 0.18020833333333333
0 0.671875 0.4552083333333333 0.06666666666666667 0.17916666666666667
8 0.7416666666666667 0.4510416666666667 0.06666666666666667 0.17291666666666666
9 0.7489583333333333 0.65 0.059375 0.18645833333333334
6 0.4739583333333333 0.2375 0.11354166666666667 0.078125
6 0.5427083333333333 0.171875 0.09791666666666667 0.07604166666666666
6 0.446875 0.13645833333333332 0.08333333333333333 0.08854166666666667
5 0.2573102666666667 0.6907575333333333 0.26964750833333334 0.70518275625 0.26964750833333334 0.7408412395833334 0.341801525 0.7458635604166666 0.3412295375 0.5707519520833333 0.32883649583333335 0.6876813604166667 0.2573102666666667 0.6907575333333333
5 0.6329241083333332 0.3711704791666667 0.5659598208333333 0.367975725 0.56748511875 0.5117327020833333 0.5738002229166667 0.43555384999999996 0.6367606020833333 0.43776506666666665 0.6329241083333332 0.3711704791666667
7 0.5197916666666667 0.5666666666666667 0.5770833333333333 0.5020833333333333