11 0.6958333333333333 0.6260416666666667 0.058333333333333334 0.15833333333333333
15 0.5541666666666667 0.6135416666666667 0.059375 0.159375
17 0.4864583333333333 0.6125 0.06354166666666666 0.16666666666666666
13 0.4114583333333333 0.6083333333333333 0.071875 0.17395833333333333
3 0.6302083333333334 0.43333333333333335 0.06979166666666667 0.16354166666666667
14 0.5625 0.42083333333333334 0.065625 0.16458333333333333
12 0.41875 0.42604166666666665 0.07083333333333333 0.16770833333333332
0 0.3489583333333333 0.42916666666666664 0.07083333333333333 0.165625
8 0.2791666666666667 0.4239583333333333 0.06458333333333334 0.16666666666666666
1 0.3458333333333333 0.6125 0.06041666666666667 0.15104166666666666
16 0.48854166666666665 0.425 0.06145833333333333 0.16875
4 0.6302083333333334 0.6229166666666667 0.06770833333333333 0.175
6 0.6885416666666667 0.41770833333333335 0.0375 0.06875
5 0.6662998104166667 0.351957775 0.6655764291666666 0.5149662083333334 0.6878306875 0.4583333333333333 0.7550894916666666 0.45741102499999997 0.73590443125 0.44738188125 0.73515005 0.3487878229166667 0.6662998104166667 0.351957775
5 0.309255125 0.53231956875 0.28820364583333336 0.6220135583333334 0.21529327916666666 0.6167379708333333 0.24037388333333334 0.63719928125 0.24173280416666668 0.68465556875 0.311337425 0.68816654375 0.309255125 0.53231956875
7 0.484375 0.5416666666666666 0.571875 0.5822916666666667