11 0.684375 0.56875 0.06875 0.18020833333333333
4 0.6104166666666667 0.5677083333333334 0.06979166666666667 0.16979166666666667
15 0.5375 0.5739583333333333 0.06145833333333333 0.17083333333333334
17 0.465625 0.5770833333333333 0.06770833333333333 0.16770833333333332
1 0.3177083333333333 0.584375 0.06666666666666667 0.15208333333333332
10 0.6885416666666667 0.3645833333333333 0.06666666666666667 0.17083333333333334
14 0.5354166666666667 0.36666666666666664 0.07083333333333333 0.175
16 0.46145833333333336 0.37083333333333335 0.06875 0.16875
12 0.39166666666666666 0.37395833333333334 0.07395833333333333 0.16666666666666666
0 0.321875 0.37395833333333334 0.06666666666666667 0.16458333333333333
8 0.246875 0.3875 0.07708333333333334 0.171875
9 0.24895833333333334 0.5864583333333333 0.06666666666666667 0.165625
13 0.39166666666666666 0.5854166666666667 0.06458333333333334 0.16041666666666668
5 0.5788411458333333 0.28963448541666664 0.57725539375 0.40670340416666667 0.5859468 0.35231584791666665 0.6577194937499999 0.35071847083333335 0.6501534604166667 0.28920200833333337 0.5788411458333333 0.28963448541666664
7 0.465625 0.46145833333333336 0.5770833333333333 0.5291666666666667