11 0.6864583333333333 0.49895833333333334 0.06875 0.18020833333333333
4 0.6072916666666667 0.5083333333333333 0.06979166666666667 0.16979166666666667
15 0.5364583333333334 0.515625 0.06145833333333333 0.17083333333333334
17 0.46458333333333335 0.5125 0.06770833333333333 0.16770833333333332
1 0.32083333333333336 0.5333333333333333 0.06666666666666667 0.15208333333333332
10 0.68125 0.30104166666666665 0.06666666666666667 0.17083333333333334
16 0.4625 0.328125 0.07083333333333333 0.175
14 0.5333333333333333 0.32083333333333336 0.06875 0.16875
3 0.6083333333333333 0.3145833333333333 0.07395833333333333 0.16666666666666666
0 0.32083333333333336 0.33541666666666664 0.06666666666666667 0.16458333333333333
13 0.39166666666666666 0.5291666666666667 0.06458333333333334 0.16041666666666668
12 0.3927083333333333 0.328125 0.06145833333333333 0.175
5 0.20901692708333333 0.3093959270833333 0.18456566249999998 0.32223772291666664 0.25003255208333336 0.3105608270833333 0.28231956875 0.42264927500000005 0.2788923 0.25734514583333334 0.2060825895833333 0.26727818125 0.20901692708333333 0.3093959270833333
5 0.22916201666666666 0.6268903458333334 0.2815243666666667 0.62080078125 0.2819475458333333 0.4642926895833333 0.2654947916666667 0.55703125 0.19508928541666667 0.5545689166666666 0.22160993333333331 0.5709333145833334 0.22916201666666666 0.6268903458333334
7 0.459375 0.421875 0.590625 0.5354166666666667