4 0.390625 0.3104166666666667 0.06979166666666667 0.175
15 0.4625 0.315625 0.07291666666666667 0.18020833333333333
17 0.534375 0.31145833333333334 0.071875 0.171875
13 0.6083333333333333 0.30625 0.08229166666666667 0.1875
1 0.6822916666666666 0.31145833333333334 0.07916666666666666 0.184375
10 0.31875 0.5125 0.06875 0.18125
3 0.3927083333333333 0.5145833333333333 0.071875 0.16875
14 0.46770833333333334 0.50625 0.06979166666666667 0.17916666666666667
16 0.5385416666666667 0.5010416666666667 0.071875 0.18020833333333333
0 0.6864583333333333 0.496875 0.06666666666666667 0.17916666666666667
8 0.7552083333333334 0.4947916666666667 0.06666666666666667 0.17291666666666666
9 0.7520833333333333 0.30416666666666664 0.059375 0.18645833333333334
6 0.4739583333333333 0.7625 0.11354166666666667 0.078125
6 0.5427083333333333 0.828125 0.09791666666666667 0.07604166666666666
6 0.446875 0.8635416666666667 0.08333333333333333 0.08854166666666667
11 0.31354166666666666 0.31666666666666665 0.06979166666666667 0.17291666666666666
12 0.6104166666666667 0.49895833333333334 0.071875 0.16979166666666667
7 0.5333333333333333 0.4114583333333333 0.5833333333333334 0.4947916666666667