11 0.55 0.5947916666666667 0.07291666666666667 0.17604166666666668
10 0.55 0.4010416666666667 0.07083333333333333 0.17291666666666666
3 0.47291666666666665 0.3927083333333333 0.075 0.190625
14 0.39791666666666664 0.39791666666666664 0.07604166666666666 0.175
16 0.32916666666666666 0.39375 0.071875 0.18541666666666667
12 0.25104166666666666 0.40208333333333335 0.08229166666666667 0.1875
0 0.184375 0.4 0.06770833333333333 0.18020833333333333
8 0.11041666666666666 0.403125 0.0875 0.18541666666666667
9 0.11666666666666667 0.59375 0.07916666666666666 0.19375
1 0.1875 0.6020833333333333 0.071875 0.19895833333333332
13 0.25729166666666664 0.596875 0.08333333333333333 0.19583333333333333
17 0.32916666666666666 0.584375 0.07395833333333333 0.20520833333333333
15 0.403125 0.5895833333333333 0.07708333333333334 0.21145833333333333
4 0.4822916666666667 0.5979166666666667 0.08020833333333334 0.20625