11 0.684375 0.5541666666666667 0.06875 0.18020833333333333
4 0.6104166666666667 0.5635416666666667 0.06979166666666667 0.16979166666666667
15 0.5385416666666667 0.5677083333333334 0.06145833333333333 0.17083333333333334
17 0.46770833333333334 0.565625 0.06770833333333333 0.16770833333333332
1 0.321875 0.5833333333333334 0.06666666666666667 0.15208333333333332
10 0.684375 0.378125 0.06666666666666667 0.17083333333333334
16 0.46875 0.38125 0.07083333333333333 0.175
14 0.5395833333333333 0.37604166666666666 0.06875 0.16875
12 0.390625 0.38229166666666664 0.07395833333333333 0.16666666666666666
0 0.31979166666666664 0.37916666666666665 0.06666666666666667 0.16458333333333333
8 0.246875 0.37916666666666665 0.07708333333333334 0.171875
9 0.24895833333333334 0.5770833333333333 0.06666666666666667 0.165625
13 0.39479166666666665 0.5739583333333333 0.06458333333333334 0.16041666666666668
5 0.5801525291666666 0.2950892854166666 0.5788783479166667 0.40116490000000005 0.5880952374999999 0.3571428583333333 0.6472888770833334 0.35048130625 0.6441220249999999 0.2985072541666666 0.5801525291666666 0.2950892854166666
7 0.4666666666666667 0.484375 0.5760416666666667 0.5