5 0.8063290541666667 0.42675083750000004 0.7961356020833333 0.31461356041666666 0.7447823666666668 0.5312639520833333 0.8284877229166666 0.5722446979166667 0.8661644333333334 0.4638113833333334 0.8928571416666667 0.47678571458333335 0.8972005208333333 0.47576729791666666 0.87021019375 0.4620814729166666 0.8063290541666667 0.42675083750000004
4 0.73125 0.4 0.09895833333333333 0.20625
15 0.6333333333333333 0.340625 0.07083333333333333 0.20625
17 0.540625 0.29270833333333335 0.06666666666666667 0.18125
13 0.446875 0.24270833333333333 0.075 0.175
1 0.35625 0.20104166666666667 0.06458333333333334 0.17083333333333334
9 0.2677083333333333 0.1625 0.07708333333333334 0.16875
10 0.86875 0.19270833333333334 0.06770833333333333 0.20729166666666668
3 0.7802083333333333 0.15416666666666667 0.09479166666666666 0.17291666666666666
14 0.6854166666666667 0.1125 0.06770833333333333 0.16354166666666667
16 0.6020833333333333 0.06979166666666667 0.08125 0.13958333333333334