11 0.5645833333333333 0.346875 0.07083333333333333 0.18229166666666666
4 0.49270833333333336 0.3416666666666667 0.08020833333333334 0.178125
15 0.4166666666666667 0.33541666666666664 0.078125 0.175
17 0.34375 0.33541666666666664 0.071875 0.17604166666666668
13 0.2708333333333333 0.33229166666666665 0.06875 0.17395833333333333
1 0.19583333333333333 0.32708333333333334 0.071875 0.175
9 0.12291666666666666 0.32395833333333335 0.06979166666666667 0.171875
10 0.559375 0.54375 0.06875 0.17916666666666667
3 0.490625 0.5416666666666666 0.07604166666666666 0.171875
14 0.41354166666666664 0.5427083333333333 0.06770833333333333 0.16458333333333333
16 0.340625 0.5291666666666667 0.07395833333333333 0.17916666666666667
12 0.2677083333333333 0.5260416666666666 0.07395833333333333 0.184375
0 0.19479166666666667 0.5260416666666666 0.07083333333333333 0.18125
8 0.11979166666666667 0.5208333333333334 0.07395833333333333 0.18541666666666667