11 0.309375 0.5135416666666667 0.06875 0.18020833333333333
4 0.3854166666666667 0.5114583333333333 0.06979166666666667 0.16979166666666667
15 0.45625 0.515625 0.06145833333333333 0.17083333333333334
17 0.528125 0.5145833333333333 0.06770833333333333 0.16770833333333332
1 0.6760416666666667 0.521875 0.06666666666666667 0.15208333333333332
10 0.309375 0.3145833333333333 0.06666666666666667 0.17083333333333334
3 0.38333333333333336 0.31875 0.07083333333333333 0.175
14 0.4552083333333333 0.315625 0.06875 0.16875
12 0.6072916666666667 0.31875 0.07395833333333333 0.16666666666666666
0 0.6770833333333334 0.31666666666666665 0.06666666666666667 0.16458333333333333
8 0.7489583333333333 0.32083333333333336 0.07708333333333334 0.171875
9 0.75 0.5208333333333334 0.06666666666666667 0.165625
13 0.6020833333333333 0.5239583333333333 0.06458333333333334 0.16041666666666668
5 0.5630533854166667 0.237890625 0.4959123875 0.24057617291666666 0.49664248541666667 0.34204101458333336 0.5678571416666667 0.33928571458333334 0.5630533854166667 0.237890625
7 0.5260416666666666 0.41770833333333335 0.5635416666666667 0.4708333333333333