4 0.4166666666666667 0.540625 0.06979166666666667 0.175
15 0.49270833333333336 0.5416666666666666 0.07291666666666667 0.18020833333333333
17 0.5635416666666667 0.5333333333333333 0.071875 0.171875
13 0.6375 0.528125 0.08229166666666667 0.1875
1 0.7083333333333334 0.5260416666666666 0.071875 0.16875
16 0.5604166666666667 0.3385416666666667 0.071875 0.18020833333333333
0 0.709375 0.33645833333333336 0.06666666666666667 0.17916666666666667
9 0.7791666666666667 0.5166666666666667 0.06875 0.18541666666666667
10 0.3416666666666667 0.34791666666666665 0.06458333333333334 0.17604166666666668
3 0.415625 0.3302083333333333 0.06666666666666667 0.17708333333333334
12 0.6364583333333333 0.3385416666666667 0.06979166666666667 0.17291666666666666
11 0.34375 0.5333333333333333 0.06875 0.17604166666666668
5 0.84142485 0.3147949208333333 0.8154436374999999 0.30642438541666667 0.8165271583333333 0.23353794583333334 0.7454892125 0.24250837083333332 0.7494187125 0.39955357083333337 0.77041480625 0.3158133375 0.8450799854166667 0.3153529583333333 0.84142485 0.3147949208333333
14 0.4864583333333333 0.3333333333333333 0.065625 0.17291666666666666
7 0.5645833333333333 0.41458333333333336 0.5625 0.47291666666666665