11 0.6875 0.3458333333333333 0.071875 0.17708333333333334
4 0.6166666666666667 0.3489583333333333 0.06979166666666667 0.175
15 0.5447916666666667 0.3541666666666667 0.07291666666666667 0.18020833333333333
17 0.465625 0.34270833333333334 0.071875 0.171875
13 0.3927083333333333 0.3458333333333333 0.08229166666666667 0.1875
1 0.31875 0.3458333333333333 0.07916666666666666 0.184375
10 0.690625 0.553125 0.06875 0.18125
3 0.61875 0.5520833333333334 0.071875 0.16875
14 0.5447916666666667 0.5541666666666667 0.06979166666666667 0.17916666666666667
16 0.4708333333333333 0.5447916666666667 0.071875 0.18020833333333333
12 0.4 0.5479166666666667 0.065625 0.165625
0 0.328125 0.5447916666666667 0.06666666666666667 0.17916666666666667
8 0.25104166666666666 0.553125 0.06666666666666667 0.17291666666666666
9 0.25104166666666666 0.35 0.059375 0.18645833333333334
6 0.5260416666666666 0.7625 0.11354166666666667 0.078125
6 0.45729166666666665 0.828125 0.09791666666666667 0.07604166666666666
6 0.553125 0.8635416666666667 0.08333333333333333 0.08854166666666667
7 0.46458333333333335 0.43333333333333335 0.584375 0.49375