10 0.28229166666666666 0.428125 0.06875 0.17916666666666667
14 0.43854166666666666 0.4166666666666667 0.06666666666666667 0.16145833333333334
4 0.36666666666666664 0.6010416666666667 0.075 0.17395833333333333
3 0.36041666666666666 0.42604166666666665 0.07291666666666667 0.16770833333333332
15 0.43854166666666666 0.6114583333333333 0.065625 0.16770833333333332
16 0.5010416666666667 0.41041666666666665 0.06666666666666667 0.171875
17 0.5125 0.5958333333333333 0.07395833333333333 0.1625
13 0.58125 0.5989583333333334 0.071875 0.18020833333333333
12 0.5697916666666667 0.4125 0.06875 0.171875
1 0.6447916666666667 0.5947916666666667 0.06458333333333334 0.16666666666666666
8 0.7104166666666667 0.38958333333333334 0.07291666666666667 0.16979166666666667
9 0.715625 0.5864583333333333 0.07083333333333333 0.171875
0 0.6416666666666667 0.396875 0.06041666666666667 0.16041666666666668
5 0.2542524395833333 0.6298750625 0.25506365833333333 0.6919720354166666 0.32677124583333333 0.69207279375 0.32579985208333334 0.52969215 0.31084656041666664 0.6210317458333333 0.23410631666666668 0.6116691479166666 0.2542524395833333 0.6298750625
7 0.49166666666666664 0.4979166666666667 0.5510416666666667 0.496875