11 0.37916666666666665 0.2864583333333333 0.07395833333333333 0.175
4 0.45208333333333334 0.2760416666666667 0.08645833333333333 0.18020833333333333
15 0.5333333333333333 0.2677083333333333 0.07395833333333333 0.171875
17 0.603125 0.2708333333333333 0.07395833333333333 0.190625
13 0.678125 0.2625 0.075 0.2
1 0.765625 0.259375 0.07291666666666667 0.17708333333333334
9 0.8354166666666667 0.26145833333333335 0.075 0.190625
8 0.8447916666666667 0.4510416666666667 0.08645833333333333 0.184375
0 0.765625 0.459375 0.071875 0.18333333333333332
12 0.6885416666666667 0.46979166666666666 0.06354166666666666 0.18645833333333334
16 0.6114583333333333 0.46041666666666664 0.078125 0.18229166666666666
12 0.5291666666666667 0.4583333333333333 0.06979166666666667 0.19270833333333334
3 0.453125 0.4666666666666667 0.07083333333333333 0.18958333333333333
10 0.375 0.48125 0.071875 0.203125