8 0.28229166666666666 0.5864583333333333 0.07083333333333333 0.17604166666666668
12 0.41770833333333335 0.5833333333333334 0.06770833333333333 0.18020833333333333
16 0.49166666666666664 0.575 0.06458333333333334 0.17291666666666666
14 0.5625 0.578125 0.06770833333333333 0.165625
10 0.7052083333333333 0.55 0.06979166666666667 0.17708333333333334
9 0.27291666666666664 0.4114583333333333 0.06666666666666667 0.17291666666666666
1 0.34270833333333334 0.40729166666666666 0.065625 0.16875
13 0.41041666666666665 0.3958333333333333 0.06145833333333333 0.16875
17 0.48333333333333334 0.38645833333333335 0.06041666666666667 0.15729166666666666
15 0.5552083333333333 0.384375 0.06354166666666666 0.16354166666666667
4 0.61875 0.37604166666666666 0.06666666666666667 0.16145833333333334
11 0.6916666666666667 0.3614583333333333 0.06458333333333334 0.159375
5 0.29311859375 0.55047123125 0.3182457020833333 0.5670572916666666 0.3209635416666667 0.6652870791666667 0.38288483749999996 0.6631014395833332 0.37821903958333336 0.49745008749999997 0.35449735416666667 0.5515873020833334 0.29311859375 0.55047123125
5 0.5952019270833334 0.55712115625 0.5923807458333333 0.6436244416666667 0.6587301583333333 0.6375868062500001 0.6577019270833334 0.5567181291666666 0.65836846875 0.5311802458333333 0.6018518520833334 0.53174603125 0.5952019270833334 0.55712115625
6 0.34375 0.6114583333333333 0.04791666666666667 0.07083333333333333
6 0.625 0.578125 0.04895833333333333 0.08125
7 0.49375 0.50625 0.5677083333333334 0.5260416666666666