8 0.30625 0.5822916666666667 0.07083333333333333 0.17604166666666668
0 0.38125 0.575 0.06354166666666666 0.175
12 0.44895833333333335 0.5708333333333333 0.06770833333333333 0.18020833333333333
16 0.5177083333333333 0.5666666666666667 0.06458333333333334 0.17291666666666666
14 0.584375 0.5635416666666667 0.06770833333333333 0.165625
3 0.6552083333333333 0.5552083333333333 0.06770833333333333 0.16666666666666666
10 0.7291666666666666 0.5479166666666667 0.06979166666666667 0.17708333333333334
9 0.30416666666666664 0.390625 0.06770833333333333 0.19166666666666668
1 0.36875 0.3854166666666667 0.065625 0.16875
13 0.440625 0.38125 0.05625 0.15729166666666666
17 0.5114583333333333 0.38125 0.06041666666666667 0.15729166666666666
15 0.5802083333333333 0.36875 0.06354166666666666 0.16354166666666667
4 0.6520833333333333 0.36770833333333336 0.06666666666666667 0.16145833333333334
11 0.725 0.36041666666666666 0.06458333333333334 0.159375
6 0.71875 0.7854166666666667 0.071875 0.1
6 0.75625 0.8458333333333333 0.05416666666666667 0.07395833333333333
7 0.5083333333333333 0.46458333333333335 0.5572916666666666 0.475