4 0.6322916666666667 0.6520833333333333 0.06979166666666667 0.175
15 0.5583333333333333 0.6572916666666667 0.07291666666666667 0.18020833333333333
17 0.48541666666666666 0.65625 0.071875 0.171875
13 0.41041666666666665 0.6541666666666667 0.08229166666666667 0.1875
1 0.33958333333333335 0.6604166666666667 0.07916666666666666 0.184375
3 0.6322916666666667 0.46145833333333336 0.071875 0.16875
16 0.48333333333333334 0.459375 0.071875 0.18020833333333333
0 0.340625 0.46770833333333334 0.06666666666666667 0.17916666666666667
8 0.2708333333333333 0.46875 0.06666666666666667 0.17291666666666666
9 0.26979166666666665 0.6645833333333333 0.059375 0.18645833333333334
6 0.5260416666666666 0.2375 0.11354166666666667 0.078125
6 0.45729166666666665 0.171875 0.09791666666666667 0.07604166666666666
6 0.553125 0.13645833333333332 0.08333333333333333 0.08854166666666667
11 0.7041666666666667 0.65625 0.06979166666666667 0.17291666666666666
12 0.41041666666666665 0.46041666666666664 0.071875 0.16979166666666667
5 0.6677548375 0.36942661875000005 0.6739583333333333 0.46309291249999995 0.6869047625 0.4196428583333333 0.76065383125 0.42513253333333334 0.7439453125 0.4101353229166667 0.7399786083333333 0.3667550229166666 0.6677548375 0.36942661875000005
5 0.5259765625 0.4087472104166666 0.5963448666666668 0.40842633958333335 0.5940662208333334 0.3774204791666667 0.52627418125 0.3787179125 0.5259765625 0.4087472104166666
7 0.4875 0.5739583333333333 0.575 0.47604166666666664