10 0.75 0.6177083333333333 0.06875 0.17916666666666667
9 0.31354166666666666 0.459375 0.06666666666666667 0.16145833333333334
4 0.6583333333333333 0.42916666666666664 0.075 0.17395833333333333
3 0.6770833333333334 0.6239583333333333 0.07291666666666667 0.16770833333333332
15 0.5916666666666667 0.4354166666666667 0.065625 0.16770833333333332
16 0.5395833333333333 0.6322916666666667 0.06666666666666667 0.171875
17 0.528125 0.440625 0.07395833333333333 0.1625
1 0.3854166666666667 0.46145833333333336 0.071875 0.18020833333333333
12 0.4666666666666667 0.64375 0.06875 0.171875
14 0.6072916666666667 0.628125 0.06458333333333334 0.16666666666666666
8 0.328125 0.65 0.07291666666666667 0.16979166666666667
11 0.7364583333333333 0.428125 0.07083333333333333 0.171875
0 0.39895833333333336 0.6427083333333333 0.06041666666666667 0.16041666666666668
5 0.4853670625 0.53125 0.48582175833333335 0.3720470604166667 0.4254660625 0.36986142083333334 0.42979600625000003 0.45704675208333334 0.4195963541666667 0.47817460208333334 0.47540509166666667 0.47203621041666666 0.4853670625 0.53125
7 0.5302083333333333 0.5229166666666667 0.5427083333333333 0.509375