11 0.31354166666666666 0.5010416666666667 0.06875 0.18020833333333333
4 0.3927083333333333 0.49166666666666664 0.06979166666666667 0.16979166666666667
15 0.4635416666666667 0.484375 0.06145833333333333 0.17083333333333334
17 0.5354166666666667 0.4875 0.06770833333333333 0.16770833333333332
1 0.6791666666666667 0.4666666666666667 0.06666666666666667 0.15208333333333332
10 0.31875 0.6989583333333333 0.06666666666666667 0.17083333333333334
16 0.5375 0.671875 0.07083333333333333 0.175
14 0.4666666666666667 0.6791666666666667 0.06875 0.16875
3 0.39166666666666666 0.6854166666666667 0.07395833333333333 0.16666666666666666
0 0.6791666666666667 0.6645833333333333 0.06666666666666667 0.16458333333333333
8 0.7583333333333333 0.659375 0.07708333333333334 0.171875
9 0.753125 0.4635416666666667 0.06666666666666667 0.165625
13 0.6083333333333333 0.4708333333333333 0.06458333333333334 0.16041666666666668
12 0.6072916666666667 0.671875 0.06145833333333333 0.175
7 0.5395833333333333 0.5739583333333333 0.5895833333333333 0.540625