10 0.703125 0.6645833333333333 0.06875 0.17916666666666667
9 0.2864583333333333 0.453125 0.075 0.17395833333333333
3 0.640625 0.6583333333333333 0.07291666666666667 0.16770833333333332
16 0.4895833333333333 0.47291666666666665 0.065625 0.16770833333333332
16 0.4979166666666667 0.65 0.06666666666666667 0.171875
13 0.42083333333333334 0.459375 0.07395833333333333 0.1625
1 0.353125 0.46041666666666664 0.071875 0.18020833333333333
14 0.565625 0.659375 0.06458333333333334 0.16666666666666666
4 0.640625 0.46979166666666666 0.07083333333333333 0.171875
11 0.7072916666666667 0.47604166666666664 0.06458333333333334 0.18333333333333332
8 0.28020833333333334 0.6447916666666667 0.07708333333333334 0.1625
12 0.415625 0.646875 0.059375 0.16458333333333333
15 0.5635416666666667 0.465625 0.06458333333333334 0.16875
5 0.31461846875 0.6462906125 0.3117972875 0.7205093625 0.3765914354166667 0.7154947916666666 0.3782655416666667 0.5855887270833333 0.3664537875 0.6241319437499999 0.2949735458333333 0.6269841270833333 0.31461846875 0.6462906125
6 0.3385416666666667 0.6604166666666667 0.035416666666666666 0.04791666666666667
7 0.49375 0.53125 0.5822916666666667 0.5052083333333334