11 0.27395833333333336 0.51875 0.07083333333333333 0.16145833333333334
4 0.34479166666666666 0.515625 0.071875 0.15416666666666667
15 0.41354166666666664 0.5083333333333333 0.06145833333333333 0.17083333333333334
17 0.48020833333333335 0.5052083333333334 0.06770833333333333 0.16770833333333332
13 0.5572916666666666 0.49270833333333336 0.06875 0.16458333333333333
1 0.6239583333333333 0.48541666666666666 0.06666666666666667 0.15208333333333332
9 0.6958333333333333 0.4791666666666667 0.071875 0.153125
10 0.28020833333333334 0.7083333333333334 0.06666666666666667 0.17083333333333334
3 0.3458333333333333 0.7052083333333333 0.0625 0.165625
14 0.41875 0.6979166666666666 0.07083333333333333 0.175
16 0.4895833333333333 0.6979166666666666 0.06875 0.16875
12 0.5635416666666667 0.690625 0.07395833333333333 0.16666666666666666
0 0.63125 0.6833333333333333 0.06666666666666667 0.16458333333333333
8 0.6989583333333333 0.6739583333333333 0.07708333333333334 0.171875
7 0.48020833333333335 0.5802083333333333 0.58125 0.4822916666666667