8 0.30625 0.41770833333333335 0.07083333333333333 0.17604166666666668
0 0.38125 0.425 0.06354166666666666 0.175
12 0.44895833333333335 0.42916666666666664 0.06770833333333333 0.18020833333333333
16 0.5177083333333333 0.43333333333333335 0.06458333333333334 0.17291666666666666
14 0.584375 0.43645833333333334 0.06770833333333333 0.165625
3 0.6552083333333333 0.44479166666666664 0.06770833333333333 0.16666666666666666
10 0.7291666666666666 0.45208333333333334 0.06979166666666667 0.17708333333333334
9 0.30416666666666664 0.609375 0.06770833333333333 0.19166666666666668
1 0.36875 0.6145833333333334 0.065625 0.16875
13 0.440625 0.61875 0.05625 0.15729166666666666
17 0.5114583333333333 0.61875 0.06041666666666667 0.15729166666666666
15 0.5802083333333333 0.63125 0.06354166666666666 0.16354166666666667
4 0.6520833333333333 0.6322916666666667 0.06666666666666667 0.16145833333333334
11 0.725 0.6395833333333333 0.06458333333333334 0.159375
6 0.71875 0.21458333333333332 0.071875 0.1
6 0.75625 0.15416666666666667 0.05416666666666667 0.07395833333333333
7 0.5083333333333333 0.5354166666666667 0.5572916666666666 0.475