11 0.3 0.54375 0.071875 0.17708333333333334
4 0.37083333333333335 0.553125 0.06979166666666667 0.175
15 0.446875 0.5541666666666667 0.07291666666666667 0.18020833333333333
17 0.51875 0.559375 0.071875 0.171875
13 0.596875 0.5635416666666667 0.08229166666666667 0.1875
1 0.66875 0.5708333333333333 0.07916666666666666 0.184375
9 0.7364583333333333 0.575 0.06979166666666667 0.18125
10 0.3 0.35104166666666664 0.06875 0.18125
3 0.3770833333333333 0.35625 0.071875 0.16875
14 0.45208333333333334 0.35520833333333335 0.06979166666666667 0.17916666666666667
16 0.5270833333333333 0.36666666666666664 0.071875 0.18020833333333333
12 0.5989583333333334 0.36666666666666664 0.065625 0.165625
0 0.671875 0.3729166666666667 0.06666666666666667 0.17916666666666667
8 0.74375 0.3802083333333333 0.06770833333333333 0.175
7 0.5260416666666666 0.478125 0.6020833333333333 0.5697916666666667