4 0.5833333333333334 0.540625 0.06979166666666667 0.175
15 0.5072916666666667 0.5416666666666666 0.07291666666666667 0.18020833333333333
17 0.43645833333333334 0.5333333333333333 0.071875 0.171875
13 0.3625 0.528125 0.08229166666666667 0.1875
1 0.2916666666666667 0.5260416666666666 0.071875 0.16875
16 0.4395833333333333 0.3385416666666667 0.071875 0.18020833333333333
0 0.290625 0.33645833333333336 0.06666666666666667 0.17916666666666667
9 0.22083333333333333 0.5166666666666667 0.06875 0.18541666666666667
10 0.6583333333333333 0.34791666666666665 0.06458333333333334 0.17604166666666668
3 0.584375 0.3302083333333333 0.06666666666666667 0.17708333333333334
12 0.36354166666666665 0.3385416666666667 0.06979166666666667 0.17291666666666666
11 0.65625 0.5333333333333333 0.06875 0.17604166666666668
5 0.18347284166666666 0.23353794583333334 0.1845563625 0.30642438541666667 0.15857515 0.3147949208333333 0.15492001458333335 0.3153529583333333 0.22958519375 0.3158133375 0.25058128749999997 0.39955357083333337 0.2545107875 0.24250837083333332 0.18347284166666666 0.23353794583333334
14 0.5135416666666667 0.3333333333333333 0.065625 0.17291666666666666
7 0.4354166666666667 0.41458333333333336 0.5625 0.47291666666666665