9 0.721875 0.5791666666666667 0.06666666666666667 0.18125
8 0.7135416666666666 0.396875 0.07604166666666666 0.1625
0 0.6427083333333333 0.40208333333333335 0.06041666666666667 0.17708333333333334
1 0.6541666666666667 0.5875 0.0625 0.17604166666666668
13 0.5854166666666667 0.6052083333333333 0.07083333333333333 0.18229166666666666
12 0.5760416666666667 0.421875 0.06979166666666667 0.16458333333333333
16 0.5 0.428125 0.07395833333333333 0.1625
17 0.515625 0.6125 0.065625 0.17291666666666666
14 0.43020833333333336 0.434375 0.06875 0.17083333333333334
15 0.44375 0.6177083333333333 0.065625 0.17291666666666666
3 0.36041666666666666 0.44375 0.06041666666666667 0.165625
2 0.2125 0.559375 0.425 0.85625