10 0.2677083333333333 0.38333333333333336 0.06875 0.17916666666666667
15 0.409375 0.5572916666666666 0.06666666666666667 0.16145833333333334
9 0.6875 0.5447916666666667 0.075 0.17395833333333333
3 0.33958333333333335 0.37604166666666666 0.07291666666666667 0.16770833333333332
16 0.471875 0.5604166666666667 0.065625 0.16770833333333332
16 0.471875 0.3697916666666667 0.06666666666666667 0.171875
13 0.5395833333333333 0.5489583333333333 0.07395833333333333 0.1625
1 0.6145833333333334 0.5385416666666667 0.071875 0.18020833333333333
12 0.5427083333333333 0.36354166666666665 0.06875 0.171875
14 0.40729166666666666 0.37395833333333334 0.06458333333333334 0.16666666666666666
8 0.690625 0.3541666666666667 0.07291666666666667 0.16979166666666667
11 0.2677083333333333 0.5614583333333333 0.07083333333333333 0.171875
0 0.6166666666666667 0.353125 0.06041666666666667 0.16041666666666668
5 0.3087952625 0.6409892729166666 0.3676783645833333 0.6363389749999999 0.37179129375000003 0.48700241875 0.35837776875 0.5654839416666667 0.3022435104166667 0.5620814729166667 0.3087952625 0.6409892729166666
7 0.4822916666666667 0.471875 0.5677083333333334 0.48020833333333335