11 0.6864583333333333 0.49166666666666664 0.06875 0.18020833333333333
4 0.6072916666666667 0.49166666666666664 0.06979166666666667 0.16979166666666667
15 0.5364583333333334 0.484375 0.06145833333333333 0.17083333333333334
17 0.46458333333333335 0.4875 0.06770833333333333 0.16770833333333332
1 0.32083333333333336 0.4666666666666667 0.06666666666666667 0.15208333333333332
10 0.6885416666666667 0.678125 0.06666666666666667 0.17083333333333334
8 0.253125 0.6760416666666667 0.07083333333333333 0.175
14 0.5333333333333333 0.6791666666666667 0.06875 0.16875
3 0.6083333333333333 0.6854166666666667 0.07395833333333333 0.16666666666666666
0 0.32083333333333336 0.6645833333333333 0.06666666666666667 0.16458333333333333
13 0.39166666666666666 0.4708333333333333 0.06458333333333334 0.16041666666666668
12 0.3927083333333333 0.671875 0.06145833333333333 0.175
9 0.253125 0.47291666666666665 0.065625 0.16770833333333332
5 0.49856305833333336 0.6648995541666667 0.4312167083333333 0.6611537625 0.426948475 0.7643345416666667 0.49407087083333334 0.7575055791666667 0.49856305833333336 0.6648995541666667
7 0.4666666666666667 0.59375 0.58125 0.5197916666666667