10 0.8510416666666667 0.27291666666666664 0.071875 0.203125
11 0.88125 0.51875 0.07916666666666666 0.23333333333333334
4 0.7927083333333333 0.540625 0.08541666666666667 0.23125
15 0.6989583333333333 0.559375 0.08958333333333333 0.23020833333333332
17 0.603125 0.5708333333333333 0.08645833333333333 0.234375
13 0.5083333333333333 0.5854166666666667 0.084375 0.225
1 0.4166666666666667 0.5958333333333333 0.06979166666666667 0.225
9 0.31875 0.6177083333333333 0.08020833333333334 0.22916666666666666
8 0.3 0.36354166666666665 0.08125 0.20104166666666667
0 0.4 0.34479166666666666 0.075 0.196875
12 0.4947916666666667 0.3302083333333333 0.084375 0.19791666666666666
16 0.58125 0.32916666666666666 0.08645833333333333 0.21666666666666667
14 0.675 0.3125 0.084375 0.215625
3 0.765625 0.290625 0.09166666666666666 0.215625