11 0.43125 0.6604166666666667 0.06979166666666667 0.16666666666666666
4 0.49895833333333334 0.6604166666666667 0.06770833333333333 0.165625
15 0.5770833333333333 0.6645833333333333 0.07291666666666667 0.17916666666666667
17 0.6479166666666667 0.65625 0.065625 0.18645833333333334
13 0.7239583333333334 0.6604166666666667 0.06875 0.18333333333333332
1 0.79375 0.6614583333333334 0.06041666666666667 0.17604166666666668
9 0.8552083333333333 0.6625 0.06354166666666666 0.17604166666666668
8 0.8614583333333333 0.46458333333333335 0.06666666666666667 0.17083333333333334
0 0.790625 0.465625 0.06354166666666666 0.16458333333333333
12 0.7260416666666667 0.46458333333333335 0.0625 0.17395833333333333
16 0.6489583333333333 0.46875 0.06458333333333334 0.17291666666666666
14 0.575 0.46041666666666664 0.06458333333333334 0.159375
3 0.5 0.453125 0.06770833333333333 0.16979166666666667
10 0.4322916666666667 0.46041666666666664 0.08020833333333334 0.16666666666666666