11 0.5645833333333333 0.6458333333333334 0.07083333333333333 0.18229166666666666
4 0.49166666666666664 0.6479166666666667 0.08020833333333334 0.178125
15 0.41770833333333335 0.6520833333333333 0.078125 0.175
17 0.34375 0.6552083333333333 0.071875 0.17604166666666668
13 0.2708333333333333 0.6614583333333334 0.06875 0.17395833333333333
1 0.19479166666666667 0.66875 0.071875 0.175
9 0.12083333333333333 0.6645833333333333 0.06979166666666667 0.171875
10 0.5583333333333333 0.45416666666666666 0.06875 0.17916666666666667
3 0.48854166666666665 0.459375 0.07604166666666666 0.171875
14 0.4166666666666667 0.446875 0.06770833333333333 0.16458333333333333
16 0.34270833333333334 0.46770833333333334 0.07395833333333333 0.17916666666666667
12 0.265625 0.47604166666666664 0.07395833333333333 0.184375
0 0.19270833333333334 0.475 0.07083333333333333 0.18125
8 0.11666666666666667 0.478125 0.07395833333333333 0.18541666666666667