10 0.14895833333333333 0.27291666666666664 0.071875 0.203125
11 0.11875 0.51875 0.07916666666666666 0.23333333333333334
4 0.20729166666666668 0.540625 0.08541666666666667 0.23125
15 0.30104166666666665 0.559375 0.08958333333333333 0.23020833333333332
17 0.396875 0.5708333333333333 0.08645833333333333 0.234375
13 0.49166666666666664 0.5854166666666667 0.084375 0.225
1 0.5833333333333334 0.5958333333333333 0.06979166666666667 0.225
9 0.68125 0.6177083333333333 0.08020833333333334 0.22916666666666666
8 0.7 0.36354166666666665 0.08125 0.20104166666666667
0 0.6 0.34479166666666666 0.075 0.196875
12 0.5052083333333334 0.3302083333333333 0.084375 0.19791666666666666
16 0.41875 0.32916666666666666 0.08645833333333333 0.21666666666666667
14 0.325 0.3125 0.084375 0.215625
3 0.234375 0.290625 0.09166666666666666 0.215625