11 0.31354166666666666 0.49895833333333334 0.06875 0.18020833333333333
4 0.3927083333333333 0.5083333333333333 0.06979166666666667 0.16979166666666667
15 0.4635416666666667 0.515625 0.06145833333333333 0.17083333333333334
17 0.5354166666666667 0.5125 0.06770833333333333 0.16770833333333332
1 0.6791666666666667 0.5333333333333333 0.06666666666666667 0.15208333333333332
10 0.31875 0.30104166666666665 0.06666666666666667 0.17083333333333334
16 0.5375 0.328125 0.07083333333333333 0.175
14 0.4666666666666667 0.32083333333333336 0.06875 0.16875
3 0.39166666666666666 0.3145833333333333 0.07395833333333333 0.16666666666666666
0 0.6791666666666667 0.33541666666666664 0.06666666666666667 0.16458333333333333
13 0.6083333333333333 0.5291666666666667 0.06458333333333334 0.16041666666666668
12 0.6072916666666667 0.328125 0.06145833333333333 0.175
5 0.8154343374999999 0.32223772291666664 0.7909830729166667 0.3093959270833333 0.7939174104166666 0.26727818125 0.7211076999999999 0.25734514583333334 0.71768043125 0.42264927500000005 0.7499674479166667 0.3105608270833333 0.8154343374999999 0.32223772291666664
5 0.7184756333333334 0.62080078125 0.7708379833333333 0.6268903458333334 0.7783900666666667 0.5709333145833334 0.8049107145833333 0.5545689166666666 0.7345052083333333 0.55703125 0.7180524541666667 0.4642926895833333 0.7184756333333334 0.62080078125
7 0.540625 0.421875 0.590625 0.5354166666666667