11 0.6864583333333333 0.5083333333333333 0.06875 0.18020833333333333
4 0.6072916666666667 0.5083333333333333 0.06979166666666667 0.16979166666666667
15 0.5364583333333334 0.515625 0.06145833333333333 0.17083333333333334
17 0.46458333333333335 0.5125 0.06770833333333333 0.16770833333333332
1 0.32083333333333336 0.5333333333333333 0.06666666666666667 0.15208333333333332
10 0.6885416666666667 0.321875 0.06666666666666667 0.17083333333333334
8 0.253125 0.32395833333333335 0.07083333333333333 0.175
14 0.5333333333333333 0.32083333333333336 0.06875 0.16875
3 0.6083333333333333 0.3145833333333333 0.07395833333333333 0.16666666666666666
0 0.32083333333333336 0.33541666666666664 0.06666666666666667 0.16458333333333333
13 0.39166666666666666 0.5291666666666667 0.06458333333333334 0.16041666666666668
12 0.3927083333333333 0.328125 0.06145833333333333 0.175
9 0.253125 0.5270833333333333 0.065625 0.16770833333333332
5 0.49407087083333334 0.24249442083333334 0.426948475 0.23566545833333336 0.4312167083333333 0.33884623750000004 0.49856305833333336 0.33510044583333337 0.49407087083333334 0.24249442083333334
7 0.4666666666666667 0.40625 0.58125 0.5197916666666667