11 0.459375 0.7854166666666667 0.07083333333333333 0.165625
4 0.5260416666666666 0.7885416666666667 0.08229166666666667 0.17395833333333333
15 0.6041666666666666 0.78125 0.07395833333333333 0.1875
17 0.6802083333333333 0.790625 0.075 0.18854166666666666
13 0.7572916666666667 0.796875 0.078125 0.17916666666666667
1 0.8270833333333333 0.80625 0.06354166666666666 0.175
9 0.8979166666666667 0.803125 0.078125 0.19166666666666668
10 0.465625 0.5833333333333334 0.07395833333333333 0.18333333333333332
3 0.5291666666666667 0.590625 0.065625 0.18333333333333332
14 0.6083333333333333 0.59375 0.07083333333333333 0.17916666666666667
16 0.684375 0.5958333333333333 0.06875 0.190625
12 0.75625 0.5947916666666667 0.06875 0.18125
0 0.8270833333333333 0.5958333333333333 0.06458333333333334 0.18333333333333332
8 0.9020833333333333 0.6 0.078125 0.2