11 0.7260416666666667 0.48125 0.07083333333333333 0.16145833333333334
4 0.6552083333333333 0.484375 0.071875 0.15416666666666667
15 0.5864583333333333 0.49166666666666664 0.06145833333333333 0.17083333333333334
17 0.5197916666666667 0.4947916666666667 0.06770833333333333 0.16770833333333332
13 0.4427083333333333 0.5072916666666667 0.06875 0.16458333333333333
1 0.37604166666666666 0.5145833333333333 0.06666666666666667 0.15208333333333332
9 0.30416666666666664 0.5208333333333334 0.071875 0.153125
10 0.7197916666666667 0.2916666666666667 0.06666666666666667 0.17083333333333334
3 0.6541666666666667 0.2947916666666667 0.0625 0.165625
14 0.58125 0.3020833333333333 0.07083333333333333 0.175
16 0.5104166666666666 0.3020833333333333 0.06875 0.16875
12 0.43645833333333334 0.309375 0.07395833333333333 0.16666666666666666
0 0.36875 0.31666666666666665 0.06666666666666667 0.16458333333333333
8 0.30104166666666665 0.3260416666666667 0.07708333333333334 0.171875
7 0.5197916666666667 0.4197916666666667 0.58125 0.4822916666666667