4 0.6166666666666667 0.6510416666666666 0.06979166666666667 0.175
15 0.5447916666666667 0.6458333333333334 0.07291666666666667 0.18020833333333333
17 0.465625 0.6572916666666667 0.071875 0.171875
13 0.3927083333333333 0.6541666666666667 0.08229166666666667 0.1875
1 0.31875 0.6541666666666667 0.07916666666666666 0.184375
10 0.6947916666666667 0.46041666666666664 0.06875 0.18125
3 0.6208333333333333 0.45625 0.071875 0.16875
14 0.5479166666666667 0.46145833333333336 0.06979166666666667 0.17916666666666667
16 0.4708333333333333 0.4552083333333333 0.071875 0.18020833333333333
0 0.328125 0.4552083333333333 0.06666666666666667 0.17916666666666667
8 0.25833333333333336 0.4510416666666667 0.06666666666666667 0.17291666666666666
9 0.25104166666666666 0.65 0.059375 0.18645833333333334
6 0.5260416666666666 0.2375 0.11354166666666667 0.078125
6 0.45729166666666665 0.171875 0.09791666666666667 0.07604166666666666
6 0.553125 0.13645833333333332 0.08333333333333333 0.08854166666666667
5 0.7303524916666666 0.70518275625 0.7426897333333333 0.6907575333333333 0.6711635041666667 0.6876813604166667 0.6587704624999999 0.5707519520833333 0.6581984750000001 0.7458635604166666 0.7303524916666666 0.7408412395833334 0.7303524916666666 0.70518275625
5 0.36707589166666665 0.3711704791666667 0.36323939791666665 0.43776506666666665 0.42619977708333334 0.43555384999999996 0.43251488125000004 0.5117327020833333 0.43404017916666665 0.367975725 0.36707589166666665 0.3711704791666667
7 0.48020833333333335 0.5666666666666667 0.5770833333333333 0.5020833333333333