4 0.421875 0.44895833333333335 0.06979166666666667 0.175
15 0.49270833333333336 0.4583333333333333 0.07291666666666667 0.18020833333333333
17 0.5666666666666667 0.459375 0.071875 0.171875
13 0.6375 0.4625 0.08229166666666667 0.1875
1 0.7125 0.4666666666666667 0.06666666666666667 0.19270833333333334
3 0.41354166666666664 0.6583333333333333 0.071875 0.16875
16 0.5604166666666667 0.6614583333333334 0.071875 0.18020833333333333
0 0.709375 0.6635416666666667 0.06666666666666667 0.17916666666666667
8 0.7833333333333333 0.6625 0.06666666666666667 0.17291666666666666
9 0.784375 0.4635416666666667 0.06875 0.18541666666666667
10 0.3416666666666667 0.6520833333333333 0.06458333333333334 0.17604166666666668
14 0.4875 0.6552083333333333 0.06666666666666667 0.17708333333333334
12 0.6364583333333333 0.6614583333333334 0.06979166666666667 0.17291666666666666
11 0.346875 0.44895833333333335 0.06875 0.17604166666666668
7 0.5572916666666666 0.5635416666666667 0.56875 0.5239583333333333