11 0.6916666666666667 0.49166666666666664 0.071875 0.17708333333333334
4 0.615625 0.4875 0.06979166666666667 0.175
15 0.5458333333333333 0.48333333333333334 0.07291666666666667 0.18020833333333333
17 0.47708333333333336 0.475 0.071875 0.171875
13 0.4 0.47708333333333336 0.08229166666666667 0.1875
1 0.3260416666666667 0.46770833333333334 0.07916666666666666 0.184375
10 0.684375 0.696875 0.06875 0.18125
3 0.6125 0.6885416666666667 0.071875 0.16875
14 0.5395833333333333 0.68125 0.06979166666666667 0.17916666666666667
16 0.4666666666666667 0.66875 0.071875 0.18020833333333333
12 0.39166666666666666 0.66875 0.065625 0.165625
0 0.31666666666666665 0.6604166666666667 0.06666666666666667 0.17916666666666667
5 0.1896623875 0.6807896208333334 0.20714285833333335 0.6950613833333333 0.20560825833333332 0.73056640625 0.27633928541666664 0.7406110479166668 0.27583705416666665 0.5792829229166667 0.2513113833333333 0.6985491083333333 0.1896623875 0.6807896208333334
5 0.2762323291666667 0.37561383958333333 0.22718098958333333 0.37333984375 0.2220796125 0.4230608270833333 0.19561011875 0.44388950833333335 0.26569475416666666 0.4427246083333333 0.28093842916666667 0.5476771770833333 0.2762323291666667 0.37561383958333333
7 0.45729166666666665 0.590625 0.5854166666666667 0.5333333333333333