5 0.17151227708333333 0.5722446979166667 0.2552176333333333 0.5312639520833333 0.20386439791666666 0.31461356041666666 0.19367094583333333 0.42675083750000004 0.12978980625 0.4620814729166666 0.10279947916666667 0.47576729791666666 0.10714285833333334 0.47678571458333335 0.13383556666666668 0.4638113833333334 0.17151227708333333 0.5722446979166667
4 0.26875 0.4 0.09895833333333333 0.20625
15 0.36666666666666664 0.340625 0.07083333333333333 0.20625
17 0.459375 0.29270833333333335 0.06666666666666667 0.18125
13 0.553125 0.24270833333333333 0.075 0.175
1 0.64375 0.20104166666666667 0.06458333333333334 0.17083333333333334
9 0.7322916666666667 0.1625 0.07708333333333334 0.16875
10 0.13125 0.19270833333333334 0.06770833333333333 0.20729166666666668
3 0.21979166666666666 0.15416666666666667 0.09479166666666666 0.17291666666666666
14 0.3145833333333333 0.1125 0.06770833333333333 0.16354166666666667
16 0.39791666666666664 0.06979166666666667 0.08125 0.13958333333333334