10 0.14895833333333333 0.7270833333333333 0.071875 0.203125
11 0.11875 0.48125 0.07916666666666666 0.23333333333333334
4 0.20729166666666668 0.459375 0.08541666666666667 0.23125
15 0.30104166666666665 0.440625 0.08958333333333333 0.23020833333333332
17 0.396875 0.42916666666666664 0.08645833333333333 0.234375
13 0.49166666666666664 0.41458333333333336 0.084375 0.225
1 0.5833333333333334 0.4041666666666667 0.06979166666666667 0.225
9 0.68125 0.38229166666666664 0.08020833333333334 0.22916666666666666
8 0.7 0.6364583333333333 0.08125 0.20104166666666667
0 0.6 0.6552083333333333 0.075 0.196875
12 0.5052083333333334 0.6697916666666667 0.084375 0.19791666666666666
16 0.41875 0.6708333333333333 0.08645833333333333 0.21666666666666667
14 0.325 0.6875 0.084375 0.215625
3 0.234375 0.709375 0.09166666666666666 0.215625