4 0.3770833333333333 0.6572916666666667 0.06979166666666667 0.175
15 0.440625 0.653125 0.07291666666666667 0.18020833333333333
17 0.5145833333333333 0.65625 0.071875 0.171875
13 0.5895833333333333 0.6541666666666667 0.08229166666666667 0.1875
1 0.6666666666666666 0.6447916666666667 0.06666666666666667 0.19270833333333334
3 0.37395833333333334 0.45729166666666665 0.071875 0.16875
16 0.515625 0.4583333333333333 0.071875 0.18020833333333333
0 0.665625 0.44895833333333335 0.06666666666666667 0.17916666666666667
8 0.7375 0.44479166666666664 0.06666666666666667 0.17291666666666666
9 0.7395833333333334 0.64375 0.06875 0.18541666666666667
6 0.4739583333333333 0.2375 0.11354166666666667 0.078125
6 0.5427083333333333 0.171875 0.09791666666666667 0.07604166666666666
6 0.446875 0.13645833333333332 0.08333333333333333 0.08854166666666667
10 0.30416666666666664 0.46041666666666664 0.06458333333333334 0.17604166666666668
14 0.4479166666666667 0.4583333333333333 0.06666666666666667 0.17708333333333334
5 0.27151692708333336 0.7091796875 0.27378162083333335 0.7459681916666666 0.3364071791666667 0.7412179125 0.33602120416666664 0.6276785708333333 0.3297619041666667 0.6964285708333333 0.2568638395833333 0.6975864958333333 0.27151692708333336 0.7091796875
5 0.6319149916666666 0.37112862708333333 0.5548456104166667 0.37291434166666665 0.5544689354166666 0.5451032354166667 0.5684012270833333 0.4354282916666667 0.6416666666666667 0.43035714166666666 0.6319149916666666 0.37112862708333333
7 0.5145833333333333 0.546875 0.5802083333333333 0.48333333333333334