11 0.4354166666666667 0.3072916666666667 0.07083333333333333 0.18229166666666666
4 0.5072916666666667 0.3 0.08020833333333334 0.178125
15 0.5833333333333334 0.29791666666666666 0.078125 0.175
17 0.6572916666666667 0.290625 0.071875 0.17604166666666668
13 0.7291666666666666 0.28541666666666665 0.06875 0.17395833333333333
1 0.8052083333333333 0.2875 0.071875 0.175
9 0.878125 0.2833333333333333 0.06979166666666667 0.171875
10 0.44166666666666665 0.496875 0.06875 0.17916666666666667
3 0.5114583333333333 0.49583333333333335 0.07604166666666666 0.171875
14 0.5875 0.49270833333333336 0.06770833333333333 0.16458333333333333
16 0.6604166666666667 0.48125 0.07395833333333333 0.17916666666666667
12 0.734375 0.484375 0.07395833333333333 0.184375
0 0.8072916666666666 0.478125 0.07083333333333333 0.18125
8 0.8833333333333333 0.46979166666666666 0.07395833333333333 0.18541666666666667