11 0.31875 0.32395833333333335 0.071875 0.17708333333333334
4 0.3885416666666667 0.31666666666666665 0.06979166666666667 0.175
15 0.4583333333333333 0.31145833333333334 0.07291666666666667 0.18020833333333333
17 0.5333333333333333 0.30104166666666665 0.071875 0.171875
13 0.6083333333333333 0.3072916666666667 0.08229166666666667 0.1875
1 0.6822916666666666 0.309375 0.07916666666666666 0.184375
10 0.31979166666666664 0.5125 0.06875 0.18125
3 0.4010416666666667 0.515625 0.071875 0.16875
14 0.47291666666666665 0.4979166666666667 0.06979166666666667 0.17916666666666667
16 0.5416666666666666 0.49895833333333334 0.071875 0.18020833333333333
12 0.6145833333333334 0.5 0.065625 0.165625
0 0.6864583333333333 0.4947916666666667 0.06666666666666667 0.17916666666666667
8 0.7583333333333333 0.49270833333333336 0.06666666666666667 0.17291666666666666
9 0.753125 0.3 0.059375 0.18645833333333334
6 0.4739583333333333 0.7625 0.11354166666666667 0.078125
6 0.5427083333333333 0.828125 0.09791666666666667 0.07604166666666666
6 0.446875 0.8635416666666667 0.08333333333333333 0.08854166666666667
7 0.534375 0.4125 0.5927083333333333 0.4822916666666667