8 0.4395833333333333 0.7072916666666667 0.06145833333333333 0.18020833333333333
0 0.5145833333333333 0.709375 0.06770833333333333 0.18541666666666667
12 0.5875 0.7 0.057291666666666664 0.18125
16 0.6583333333333333 0.6927083333333334 0.071875 0.19479166666666667
14 0.728125 0.6916666666666667 0.06145833333333333 0.17708333333333334
3 0.8010416666666667 0.6885416666666667 0.06979166666666667 0.17916666666666667
10 0.8708333333333333 0.69375 0.06458333333333334 0.165625
11 0.8697916666666666 0.49895833333333334 0.06770833333333333 0.171875
4 0.8 0.5 0.05625 0.15520833333333334
15 0.73125 0.5041666666666667 0.06458333333333334 0.16458333333333333
17 0.6572916666666667 0.5072916666666667 0.06875 0.16875
13 0.5854166666666667 0.5083333333333333 0.071875 0.17604166666666668
1 0.5125 0.5083333333333333 0.0625 0.17916666666666667
9 0.4395833333333333 0.5135416666666667 0.07083333333333333 0.16979166666666667