11 0.725 0.5864583333333333 0.07083333333333333 0.16145833333333334
4 0.6552083333333333 0.590625 0.071875 0.15416666666666667
15 0.5875 0.5875 0.06145833333333333 0.17083333333333334
17 0.5135416666666667 0.5947916666666667 0.06770833333333333 0.16770833333333332
13 0.44166666666666665 0.5979166666666667 0.06875 0.16458333333333333
1 0.37395833333333334 0.6010416666666667 0.06666666666666667 0.15208333333333332
9 0.30416666666666664 0.6072916666666667 0.071875 0.153125
10 0.7208333333333333 0.39791666666666664 0.06666666666666667 0.17083333333333334
3 0.6520833333333333 0.40208333333333335 0.0625 0.165625
14 0.58125 0.4041666666666667 0.07083333333333333 0.175
16 0.5104166666666666 0.40729166666666666 0.06875 0.16875
12 0.4354166666666667 0.41354166666666664 0.07395833333333333 0.16666666666666666
0 0.36875 0.41770833333333335 0.06666666666666667 0.16458333333333333
8 0.3 0.4270833333333333 0.07708333333333334 0.171875
7 0.5135416666666667 0.509375 0.5875 0.53125