4 0.6229166666666667 0.6572916666666667 0.06979166666666667 0.175
15 0.559375 0.653125 0.07291666666666667 0.18020833333333333
17 0.48541666666666666 0.65625 0.071875 0.171875
13 0.41041666666666665 0.6541666666666667 0.08229166666666667 0.1875
1 0.3333333333333333 0.6447916666666667 0.06666666666666667 0.19270833333333334
3 0.6260416666666667 0.45729166666666665 0.071875 0.16875
16 0.484375 0.4583333333333333 0.071875 0.18020833333333333
0 0.334375 0.44895833333333335 0.06666666666666667 0.17916666666666667
8 0.2625 0.44479166666666664 0.06666666666666667 0.17291666666666666
9 0.2604166666666667 0.64375 0.06875 0.18541666666666667
6 0.5260416666666666 0.2375 0.11354166666666667 0.078125
6 0.45729166666666665 0.171875 0.09791666666666667 0.07604166666666666
6 0.553125 0.13645833333333332 0.08333333333333333 0.08854166666666667
10 0.6958333333333333 0.46041666666666664 0.06458333333333334 0.17604166666666668
14 0.5520833333333334 0.4583333333333333 0.06666666666666667 0.17708333333333334
5 0.7262183791666666 0.7459681916666666 0.7284830729166667 0.7091796875 0.7431361604166666 0.6975864958333333 0.6702380958333334 0.6964285708333333 0.6639787958333333 0.6276785708333333 0.6635928208333334 0.7412179125 0.7262183791666666 0.7459681916666666
5 0.3680850083333333 0.37112862708333333 0.35833333333333334 0.43035714166666666 0.43159877291666665 0.4354282916666667 0.4455310645833333 0.5451032354166667 0.4451543895833333 0.37291434166666665 0.3680850083333333 0.37112862708333333
7 0.48541666666666666 0.546875 0.5802083333333333 0.48333333333333334