11 0.3125 0.5291666666666667 0.06875 0.18020833333333333
4 0.38645833333333335 0.5322916666666667 0.06979166666666667 0.16979166666666667
15 0.45729166666666665 0.5395833333333333 0.06145833333333333 0.17083333333333334
17 0.5322916666666667 0.534375 0.06770833333333333 0.16770833333333332
1 0.678125 0.553125 0.06666666666666667 0.15208333333333332
10 0.31354166666666666 0.325 0.06666666666666667 0.17083333333333334
3 0.3854166666666667 0.3375 0.07083333333333333 0.175
16 0.5354166666666667 0.3416666666666667 0.06875 0.16875
12 0.6072916666666667 0.34270833333333334 0.07395833333333333 0.16666666666666666
0 0.6770833333333334 0.35208333333333336 0.06666666666666667 0.16458333333333333
8 0.753125 0.359375 0.07708333333333334 0.171875
9 0.75 0.55 0.06666666666666667 0.165625
13 0.60625 0.553125 0.06458333333333334 0.16041666666666668
5 0.4228143604166667 0.34637276666666666 0.4982891125 0.3447068958333333 0.49676339166666666 0.25862862708333334 0.42672526041666664 0.2513113833333333 0.4228143604166667 0.34637276666666666
7 0.5333333333333333 0.44375 0.5895833333333333 0.5166666666666667