10 0.75 0.38229166666666664 0.06875 0.17916666666666667
9 0.31354166666666666 0.540625 0.06666666666666667 0.16145833333333334
4 0.6583333333333333 0.5708333333333333 0.075 0.17395833333333333
3 0.6770833333333334 0.37604166666666666 0.07291666666666667 0.16770833333333332
15 0.5916666666666667 0.5645833333333333 0.065625 0.16770833333333332
16 0.5395833333333333 0.36770833333333336 0.06666666666666667 0.171875
13 0.46041666666666664 0.5489583333333333 0.07395833333333333 0.1625
1 0.3854166666666667 0.5385416666666667 0.071875 0.18020833333333333
12 0.4666666666666667 0.35625 0.06875 0.171875
14 0.6072916666666667 0.371875 0.06458333333333334 0.16666666666666666
8 0.328125 0.35 0.07291666666666667 0.16979166666666667
11 0.7364583333333333 0.571875 0.07083333333333333 0.171875
0 0.39895833333333336 0.3572916666666667 0.06041666666666667 0.16041666666666668
5 0.5579530416666666 0.6457325770833333 0.55829923125 0.5689639145833334 0.55829923125 0.53934926875 0.5132275125 0.5416666666666666 0.49980882083333333 0.5000155020833333 0.50049603125 0.644539 0.5579530416666666 0.6457325770833333
7 0.528125 0.48020833333333335 0.5666666666666667 0.5510416666666667