10 0.690625 0.3614583333333333 0.06979166666666667 0.171875
9 0.2791666666666667 0.5697916666666667 0.075 0.17395833333333333
14 0.5520833333333334 0.3697916666666667 0.07291666666666667 0.16770833333333332
16 0.4864583333333333 0.5552083333333333 0.065625 0.16770833333333332
16 0.4791666666666667 0.3802083333333333 0.06666666666666667 0.171875
13 0.4197916666666667 0.5677083333333334 0.075 0.184375
1 0.35208333333333336 0.5708333333333333 0.071875 0.18020833333333333
8 0.26875 0.3927083333333333 0.06458333333333334 0.16666666666666666
4 0.625 0.5447916666666667 0.07083333333333333 0.171875
11 0.6947916666666667 0.5416666666666666 0.06458333333333334 0.18333333333333332
0 0.340625 0.3854166666666667 0.07708333333333334 0.1625
12 0.41041666666666665 0.3770833333333333 0.059375 0.16458333333333333
15 0.55625 0.5520833333333334 0.06458333333333334 0.16875
5 0.5945508854166667 0.35033017083333334 0.6537130041666667 0.3490203375 0.65062830625 0.2828156 0.5926855979166666 0.28229631666666666 0.5945508854166667 0.35033017083333334
7 0.48020833333333335 0.4822916666666667 0.5739583333333333 0.46458333333333335