11 0.6875 0.5291666666666667 0.06875 0.18020833333333333
4 0.6135416666666667 0.5322916666666667 0.06979166666666667 0.16979166666666667
15 0.5427083333333333 0.5395833333333333 0.06145833333333333 0.17083333333333334
17 0.46770833333333334 0.534375 0.06770833333333333 0.16770833333333332
1 0.321875 0.553125 0.06666666666666667 0.15208333333333332
10 0.6864583333333333 0.325 0.06666666666666667 0.17083333333333334
3 0.6145833333333334 0.3375 0.07083333333333333 0.175
16 0.46458333333333335 0.3416666666666667 0.06875 0.16875
12 0.3927083333333333 0.34270833333333334 0.07395833333333333 0.16666666666666666
0 0.3229166666666667 0.35208333333333336 0.06666666666666667 0.16458333333333333
8 0.246875 0.359375 0.07708333333333334 0.171875
9 0.25 0.55 0.06666666666666667 0.165625
13 0.39375 0.553125 0.06458333333333334 0.16041666666666668
5 0.5732747395833333 0.2513113833333333 0.5032366083333334 0.25862862708333334 0.5017108875 0.3447068958333333 0.5771856395833334 0.34637276666666666 0.5732747395833333 0.2513113833333333
7 0.465625 0.44166666666666665 0.5666666666666667 0.47708333333333336