4 0.609375 0.6895833333333333 0.06979166666666667 0.175
15 0.5375 0.684375 0.07291666666666667 0.18020833333333333
17 0.465625 0.6885416666666667 0.071875 0.171875
13 0.39166666666666666 0.69375 0.08229166666666667 0.1875
1 0.3177083333333333 0.6885416666666667 0.07916666666666666 0.184375
10 0.68125 0.4875 0.06875 0.18125
3 0.6072916666666667 0.48541666666666666 0.071875 0.16875
14 0.5322916666666667 0.49375 0.06979166666666667 0.17916666666666667
16 0.46145833333333336 0.49895833333333334 0.071875 0.18020833333333333
0 0.31354166666666666 0.503125 0.06666666666666667 0.17916666666666667
8 0.24479166666666666 0.5052083333333334 0.06666666666666667 0.17291666666666666
9 0.24791666666666667 0.6958333333333333 0.059375 0.18645833333333334
6 0.5260416666666666 0.2375 0.11354166666666667 0.078125
6 0.45729166666666665 0.171875 0.09791666666666667 0.07604166666666666
6 0.553125 0.13645833333333332 0.08333333333333333 0.08854166666666667
11 0.6864583333333333 0.6833333333333333 0.06979166666666667 0.17291666666666666
12 0.38958333333333334 0.5010416666666667 0.071875 0.16979166666666667
7 0.4666666666666667 0.5885416666666666 0.5833333333333334 0.4947916666666667