4 0.36770833333333336 0.34791666666666665 0.06979166666666667 0.175
15 0.44166666666666665 0.34270833333333334 0.07291666666666667 0.18020833333333333
17 0.5145833333333333 0.34375 0.071875 0.171875
13 0.5895833333333333 0.3458333333333333 0.08229166666666667 0.1875
1 0.6604166666666667 0.33958333333333335 0.07916666666666666 0.184375
3 0.36770833333333336 0.5385416666666667 0.071875 0.16875
16 0.5166666666666667 0.540625 0.071875 0.18020833333333333
0 0.659375 0.5322916666666667 0.06666666666666667 0.17916666666666667
8 0.7291666666666666 0.53125 0.06666666666666667 0.17291666666666666
9 0.7302083333333333 0.33541666666666664 0.059375 0.18645833333333334
6 0.4739583333333333 0.7625 0.11354166666666667 0.078125
6 0.5427083333333333 0.828125 0.09791666666666667 0.07604166666666666
6 0.446875 0.8635416666666667 0.08333333333333333 0.08854166666666667
11 0.29583333333333334 0.34375 0.06979166666666667 0.17291666666666666
12 0.5895833333333333 0.5395833333333333 0.071875 0.16979166666666667
5 0.33224516249999997 0.6305733812500001 0.3260416666666667 0.5369070874999999 0.3130952375 0.5803571416666667 0.23934616875 0.5748674666666667 0.2560546875 0.5898646770833333 0.26002139166666666 0.6332449770833333 0.33224516249999997 0.6305733812500001
5 0.4059337791666667 0.6225795208333333 0.47372581875 0.6212820874999999 0.4740234375 0.5912527895833333 0.40365513333333336 0.5915736604166667 0.4059337791666667 0.6225795208333333
7 0.5125 0.42604166666666665 0.575 0.47604166666666664