11 0.7125 0.59375 0.057291666666666664 0.16354166666666667
4 0.6395833333333333 0.5895833333333333 0.07083333333333333 0.16458333333333333
15 0.5708333333333333 0.5864583333333333 0.06041666666666667 0.16770833333333332
17 0.49895833333333334 0.5822916666666667 0.075 0.17708333333333334
13 0.4322916666666667 0.571875 0.06458333333333334 0.171875
1 0.359375 0.575 0.065625 0.17604166666666668
9 0.29583333333333334 0.5770833333333333 0.06041666666666667 0.16770833333333332
10 0.7270833333333333 0.41770833333333335 0.06666666666666667 0.17291666666666666
3 0.65 0.40729166666666666 0.06041666666666667 0.17604166666666668
14 0.575 0.40625 0.065625 0.17604166666666668
16 0.50625 0.4041666666666667 0.07083333333333333 0.17083333333333334
12 0.434375 0.4 0.06979166666666667 0.17604166666666668
0 0.3625 0.40208333333333335 0.0625 0.16979166666666667
8 0.29583333333333334 0.390625 0.06458333333333334 0.18020833333333333
7 0.5145833333333333 0.4895833333333333 0.5375 0.515625