16 0.5614583333333333 0.35208333333333336 0.071875 0.18020833333333333
0 0.709375 0.3489583333333333 0.06666666666666667 0.17916666666666667
8 0.7822916666666667 0.34375 0.06979166666666667 0.17291666666666666
14 0.4895833333333333 0.35104166666666664 0.065625 0.17291666666666666
11 0.3458333333333333 0.5479166666666667 0.06354166666666666 0.16666666666666666
10 0.34479166666666666 0.35208333333333336 0.07604166666666666 0.17916666666666667
3 0.41770833333333335 0.346875 0.06875 0.16979166666666667
4 0.41875 0.5447916666666667 0.06458333333333334 0.16770833333333332
15 0.49166666666666664 0.5479166666666667 0.06875 0.17083333333333334
17 0.5677083333333334 0.5447916666666667 0.07708333333333334 0.18020833333333333
12 0.6364583333333333 0.3458333333333333 0.06875 0.18020833333333333
13 0.6395833333333333 0.5479166666666667 0.07083333333333333 0.16770833333333332
1 0.7135416666666666 0.5447916666666667 0.075 0.17395833333333333
5 0.7547293520833332 0.62197963125 0.821479725 0.6247209833333333 0.8217912958333333 0.5716727125 0.8468377979166667 0.5547502791666666 0.7731770833333333 0.5544015062500001 0.776190475 0.5517857145833334 0.7567661833333333 0.48083147291666667 0.7547293520833332 0.62197963125
7 0.5739583333333333 0.41458333333333336 0.5760416666666667 0.5291666666666667