10 0.7166666666666667 0.5770833333333333 0.06875 0.17916666666666667
9 0.29375 0.3958333333333333 0.06666666666666667 0.16145833333333334
4 0.6427083333333333 0.39375 0.075 0.17395833333333333
3 0.6479166666666667 0.578125 0.07291666666666667 0.16770833333333332
15 0.56875 0.3927083333333333 0.065625 0.16770833333333332
16 0.503125 0.5802083333333333 0.06666666666666667 0.171875
17 0.5010416666666667 0.39479166666666665 0.07395833333333333 0.1625
13 0.42916666666666664 0.4 0.071875 0.18020833333333333
12 0.43125 0.58125 0.06875 0.171875
1 0.3645833333333333 0.3958333333333333 0.06458333333333334 0.16666666666666666
8 0.2947916666666667 0.5864583333333333 0.07291666666666667 0.16979166666666667
11 0.7083333333333334 0.396875 0.07083333333333333 0.171875
0 0.36041666666666666 0.578125 0.06041666666666667 0.16041666666666668
5 0.5436611270833333 0.4842122395833333 0.5426277291666667 0.66046626875 0.6038204770833333 0.6568622895833334 0.6035052916666667 0.5710565479166667 0.5529100520833333 0.5714285708333333 0.5436611270833333 0.4842122395833333
7 0.5083333333333333 0.471875 0.5666666666666667 0.49583333333333335