11 0.3125 0.553125 0.06875 0.18020833333333333
4 0.38229166666666664 0.5697916666666667 0.06979166666666667 0.16979166666666667
15 0.45729166666666665 0.5729166666666666 0.06145833333333333 0.17083333333333334
17 0.525 0.5770833333333333 0.06770833333333333 0.16770833333333332
1 0.6729166666666667 0.6020833333333333 0.06666666666666667 0.15208333333333332
10 0.31145833333333334 0.3645833333333333 0.06666666666666667 0.17083333333333334
3 0.3854166666666667 0.3729166666666667 0.0625 0.165625
14 0.459375 0.378125 0.07083333333333333 0.175
16 0.53125 0.38333333333333336 0.06875 0.16875
12 0.6052083333333333 0.3958333333333333 0.07395833333333333 0.16666666666666666
0 0.6770833333333334 0.39479166666666665 0.06666666666666667 0.16458333333333333
8 0.7510416666666667 0.403125 0.07708333333333334 0.171875
5 0.5612397687499999 0.5346191395833333 0.5626255583333334 0.6701660145833334 0.6334449416666666 0.6748674666666666 0.6333891375 0.6282784604166667 0.6345238083333334 0.6035714291666667 0.5722888770833333 0.59579380625 0.5612397687499999 0.5346191395833333
5 0.708975075 0.5325055791666666 0.7065987729166667 0.6830915166666667 0.7720284604166667 0.6929478229166667 0.7760277166666667 0.6228585375000001 0.8047619041666666 0.6107142854166666 0.7325009291666666 0.6036690854166668 0.708975075 0.5325055791666666
7 0.5291666666666667 0.478125 0.6 0.5427083333333333