11 0.28958333333333336 0.3416666666666667 0.05416666666666667 0.15833333333333333
15 0.43333333333333335 0.3541666666666667 0.059375 0.159375
17 0.4979166666666667 0.35625 0.06354166666666666 0.16666666666666666
13 0.56875 0.36354166666666665 0.071875 0.17395833333333333
3 0.3385416666666667 0.5416666666666666 0.06979166666666667 0.16354166666666667
14 0.4125 0.5416666666666666 0.065625 0.16458333333333333
16 0.4822916666666667 0.5479166666666667 0.06458333333333334 0.165625
12 0.5520833333333334 0.553125 0.07083333333333333 0.16770833333333332
0 0.625 0.5541666666666667 0.07083333333333333 0.165625
8 0.696875 0.559375 0.06458333333333334 0.16666666666666666
5 0.29892113125 0.6140407979166667 0.30733300208333336 0.4716021833333333 0.28703703750000004 0.52579365 0.22983321041666666 0.51768663125 0.24486400416666668 0.5385199645833333 0.24452298333333333 0.61082434375 0.29892113125 0.6140407979166667
5 0.7463055958333332 0.30262586874999997 0.6709397729166666 0.29641772083333334 0.6705935854166667 0.44053819375000003 0.7023809520833333 0.37301587291666666 0.76709759375 0.3867575020833333 0.74452815 0.36919487916666666 0.7463055958333332 0.30262586874999997
4 0.3572916666666667 0.346875 0.06666666666666667 0.16041666666666668
1 0.6322916666666667 0.36354166666666665 0.06041666666666667 0.15104166666666666
7 0.5020833333333333 0.46875 0.559375 0.5270833333333333