11 0.18541666666666667 0.6916666666666667 0.07916666666666666 0.23125
4 0.26875 0.6770833333333334 0.07395833333333333 0.2125
15 0.35625 0.6697916666666667 0.07708333333333334 0.2125
17 0.45208333333333334 0.6479166666666667 0.08125 0.2125
13 0.5520833333333334 0.6291666666666667 0.08125 0.21666666666666667
1 0.640625 0.61875 0.08333333333333333 0.20520833333333333
9 0.7385416666666667 0.6020833333333333 0.07604166666666666 0.21458333333333332
10 0.153125 0.453125 0.08229166666666667 0.203125
3 0.24166666666666667 0.4375 0.090625 0.20729166666666668
14 0.3333333333333333 0.43125 0.07395833333333333 0.21145833333333333
16 0.43125 0.40520833333333334 0.08541666666666667 0.21770833333333334
12 0.528125 0.39375 0.08541666666666667 0.21770833333333334
0 0.6229166666666667 0.3697916666666667 0.090625 0.22395833333333334
8 0.7270833333333333 0.34375 0.06979166666666667 0.2