11 0.6864583333333333 0.49895833333333334 0.06875 0.18020833333333333
4 0.6072916666666667 0.5083333333333333 0.06979166666666667 0.16979166666666667
15 0.5385416666666667 0.5208333333333334 0.06145833333333333 0.17083333333333334
17 0.465625 0.5354166666666667 0.06770833333333333 0.16770833333333332
1 0.3229166666666667 0.5604166666666667 0.06666666666666667 0.15208333333333332
10 0.68125 0.30104166666666665 0.06666666666666667 0.17083333333333334
16 0.4625 0.328125 0.07083333333333333 0.175
14 0.5333333333333333 0.32083333333333336 0.06875 0.16875
3 0.6083333333333333 0.3145833333333333 0.07395833333333333 0.16666666666666666
0 0.315625 0.34791666666666665 0.06666666666666667 0.16458333333333333
8 0.24270833333333333 0.35520833333333335 0.07708333333333334 0.171875
9 0.25 0.5645833333333333 0.06666666666666667 0.165625
13 0.3927083333333333 0.540625 0.06458333333333334 0.16041666666666668
5 0.35479445625 0.2619977666666667 0.348809525 0.34642857083333334 0.39966052916666667 0.3373116625 0.42554873541666666 0.4010881708333333 0.4247488833333334 0.24729352708333333 0.35479445625 0.2619977666666667
7 0.46041666666666664 0.46041666666666664 0.5729166666666666 0.5489583333333333