11 0.28541666666666665 0.646875 0.057291666666666664 0.16354166666666667
4 0.35625 0.6395833333333333 0.07083333333333333 0.16458333333333333
15 0.4270833333333333 0.6364583333333333 0.06041666666666667 0.16770833333333332
17 0.5010416666666667 0.6239583333333333 0.075 0.17708333333333334
13 0.5729166666666666 0.61875 0.06458333333333334 0.171875
1 0.640625 0.6145833333333334 0.065625 0.17604166666666668
9 0.7072916666666667 0.6104166666666667 0.06041666666666667 0.16770833333333332
10 0.284375 0.4552083333333333 0.06666666666666667 0.17291666666666666
3 0.353125 0.4479166666666667 0.06041666666666667 0.17604166666666668
14 0.421875 0.44479166666666664 0.065625 0.17604166666666668
12 0.5677083333333334 0.43333333333333335 0.06979166666666667 0.17604166666666668
0 0.6375 0.43125 0.0625 0.16979166666666667
8 0.7020833333333333 0.4375 0.06458333333333334 0.18020833333333333
5 0.52758143125 0.4525902145833333 0.5271939062500001 0.35397290416666666 0.46191922916666667 0.36016555 0.46296296249999996 0.45436507916666663 0.52758143125 0.4525902145833333
7 0.5020833333333333 0.5479166666666667 0.5489583333333333 0.6114583333333333