11 0.28541666666666665 0.38645833333333335 0.057291666666666664 0.16354166666666667
4 0.35520833333333335 0.396875 0.07083333333333333 0.16458333333333333
15 0.425 0.39375 0.06041666666666667 0.16770833333333332
17 0.490625 0.403125 0.075 0.17708333333333334
13 0.565625 0.415625 0.06458333333333334 0.171875
1 0.6364583333333333 0.42083333333333334 0.065625 0.17604166666666668
9 0.7020833333333333 0.41875 0.06041666666666667 0.16770833333333332
10 0.28020833333333334 0.5708333333333333 0.06666666666666667 0.17291666666666666
3 0.353125 0.584375 0.06041666666666667 0.17604166666666668
14 0.4239583333333333 0.5822916666666667 0.065625 0.17604166666666668
12 0.5677083333333334 0.590625 0.06979166666666667 0.17604166666666668
0 0.6364583333333333 0.5979166666666667 0.0625 0.16979166666666667
8 0.7 0.5989583333333334 0.06458333333333334 0.18020833333333333
16 0.49270833333333336 0.590625 0.06770833333333333 0.16770833333333332
7 0.49583333333333335 0.5 0.5614583333333333 0.5479166666666667