8 0.28229166666666666 0.41354166666666664 0.07083333333333333 0.17604166666666668
12 0.41770833333333335 0.4166666666666667 0.06770833333333333 0.18020833333333333
16 0.49166666666666664 0.425 0.06458333333333334 0.17291666666666666
14 0.5625 0.421875 0.06770833333333333 0.165625
10 0.7052083333333333 0.45 0.06979166666666667 0.17708333333333334
9 0.27291666666666664 0.5885416666666666 0.06666666666666667 0.17291666666666666
1 0.34270833333333334 0.5927083333333333 0.065625 0.16875
13 0.41041666666666665 0.6041666666666666 0.06145833333333333 0.16875
17 0.48333333333333334 0.6135416666666667 0.06041666666666667 0.15729166666666666
15 0.5552083333333333 0.615625 0.06354166666666666 0.16354166666666667
4 0.61875 0.6239583333333333 0.06666666666666667 0.16145833333333334
11 0.6916666666666667 0.6385416666666667 0.06458333333333334 0.159375
5 0.38288483749999996 0.33689856041666666 0.3209635416666667 0.33471292083333337 0.3182457020833333 0.4329427083333333 0.29311859375 0.44952876875 0.35449735416666667 0.44841269791666666 0.37821903958333336 0.5025499125 0.38288483749999996 0.33689856041666666
5 0.6577019270833334 0.4432818708333333 0.6587301583333333 0.36241319375000003 0.5923807458333333 0.35637555833333334 0.5952019270833334 0.44287884375 0.6018518520833334 0.46825396875 0.65836846875 0.46881975416666666 0.6577019270833334 0.4432818708333333
6 0.34375 0.3885416666666667 0.04791666666666667 0.07083333333333333
6 0.625 0.421875 0.04895833333333333 0.08125
7 0.49270833333333336 0.534375 0.584375 0.5760416666666667