11 0.32083333333333336 0.39479166666666665 0.06875 0.18020833333333333
4 0.39166666666666666 0.3958333333333333 0.06979166666666667 0.16979166666666667
15 0.465625 0.39375 0.06145833333333333 0.17083333333333334
17 0.5364583333333334 0.40208333333333335 0.06770833333333333 0.16770833333333332
13 0.609375 0.4010416666666667 0.06875 0.16458333333333333
1 0.6833333333333333 0.403125 0.06666666666666667 0.15208333333333332
9 0.7541666666666667 0.40625 0.071875 0.153125
10 0.315625 0.5875 0.06666666666666667 0.17083333333333334
3 0.384375 0.5979166666666667 0.0625 0.165625
14 0.4583333333333333 0.5989583333333334 0.07083333333333333 0.175
16 0.5302083333333333 0.596875 0.06875 0.16875
12 0.6052083333333333 0.6041666666666666 0.07395833333333333 0.16666666666666666
0 0.6770833333333334 0.6052083333333333 0.06666666666666667 0.16458333333333333
8 0.7520833333333333 0.6072916666666667 0.07708333333333334 0.171875
7 0.5322916666666667 0.478125 0.5604166666666667 0.56875