16 0.5635416666666667 0.675 0.071875 0.18020833333333333
9 0.7854166666666667 0.49270833333333336 0.06666666666666667 0.17916666666666667
8 0.7822916666666667 0.68125 0.06979166666666667 0.17291666666666666
14 0.4895833333333333 0.6739583333333333 0.065625 0.17291666666666666
11 0.35208333333333336 0.4635416666666667 0.06354166666666666 0.16666666666666666
10 0.3458333333333333 0.6666666666666666 0.07604166666666666 0.17916666666666667
3 0.41770833333333335 0.6729166666666667 0.06875 0.16979166666666667
4 0.42083333333333334 0.46145833333333336 0.06458333333333334 0.16770833333333332
15 0.4895833333333333 0.46875 0.06875 0.17083333333333334
17 0.5677083333333334 0.4708333333333333 0.07708333333333334 0.18020833333333333
12 0.6364583333333333 0.6822916666666666 0.06875 0.18020833333333333
13 0.6395833333333333 0.4822916666666667 0.07083333333333333 0.16770833333333332
1 0.7135416666666666 0.4895833333333333 0.075 0.17395833333333333
5 0.7409458708333333 0.7669921875 0.7453125 0.6981236041666666 0.7571428583333333 0.6910714291666668 0.6930850083333334 0.6800502229166666 0.6723074770833333 0.5958984375 0.6745675229166667 0.7626534604166667 0.7409458708333333 0.7669921875
7 0.5645833333333333 0.5760416666666667 0.5802083333333333 0.4895833333333333