4 0.37395833333333334 0.6135416666666667 0.06354166666666666 0.171875
15 0.44375 0.6208333333333333 0.059375 0.1625
17 0.5145833333333333 0.6135416666666667 0.06666666666666667 0.1625
13 0.5895833333333333 0.6114583333333333 0.07395833333333333 0.16354166666666667
1 0.659375 0.6083333333333333 0.065625 0.16458333333333333
3 0.37083333333333335 0.43020833333333336 0.06979166666666667 0.16458333333333333
14 0.44375 0.43020833333333336 0.07604166666666666 0.16875
16 0.5104166666666666 0.42916666666666664 0.06354166666666666 0.18020833333333333
12 0.5864583333333333 0.42291666666666666 0.06770833333333333 0.18125
0 0.65625 0.41354166666666664 0.065625 0.165625
8 0.7302083333333333 0.415625 0.06979166666666667 0.16354166666666667
5 0.6953796708333333 0.5327845979166667 0.6948578041666666 0.6876782604166666 0.7533172125 0.6898949041666668 0.7574766458333334 0.6307198666666667 0.7777777770833333 0.6210317458333333 0.71801111875 0.6212720104166666 0.6953796708333333 0.5327845979166667
5 0.26874586666666667 0.5163690479166667 0.3346250833333333 0.5145011770833333 0.3335710145833334 0.35578652083333334 0.33068783124999995 0.34920635 0.268224 0.3484468 0.26874586666666667 0.5163690479166667
6 0.3145833333333333 0.41354166666666664 0.034375 0.11666666666666667
6 0.2947916666666667 0.4 0.035416666666666666 0.07083333333333333
2 0.16666666666666666 0.771875 0.3333333333333333 0.45625
2 0.878125 0.6145833333333334 0.24166666666666667 0.76875
7 0.5166666666666667 0.5166666666666667 0.5677083333333334 0.48125