11 0.31354166666666666 0.5010416666666667 0.06875 0.18020833333333333
4 0.3927083333333333 0.49166666666666664 0.06979166666666667 0.16979166666666667
15 0.4635416666666667 0.484375 0.06145833333333333 0.17083333333333334
17 0.5354166666666667 0.4875 0.06770833333333333 0.16770833333333332
1 0.6791666666666667 0.4666666666666667 0.06666666666666667 0.15208333333333332
10 0.31875 0.6989583333333333 0.06666666666666667 0.17083333333333334
16 0.5375 0.671875 0.07083333333333333 0.175
14 0.4666666666666667 0.6791666666666667 0.06875 0.16875
3 0.39166666666666666 0.6854166666666667 0.07395833333333333 0.16666666666666666
0 0.6791666666666667 0.6645833333333333 0.06666666666666667 0.16458333333333333
13 0.6083333333333333 0.4708333333333333 0.06458333333333334 0.16041666666666668
12 0.6072916666666667 0.671875 0.06145833333333333 0.175
5 0.7909830729166667 0.6906040729166667 0.8154343374999999 0.6777622770833334 0.7499674479166667 0.6894391729166667 0.71768043125 0.5773507250000001 0.7211076999999999 0.7426548541666667 0.7939174104166666 0.7327218187500001 0.7909830729166667 0.6906040729166667
5 0.7708379833333333 0.3731096541666667 0.7184756333333334 0.37919921875 0.7180524541666667 0.5357073104166666 0.7345052083333333 0.44296875 0.8049107145833333 0.4454310833333333 0.7783900666666667 0.42906668541666665 0.7708379833333333 0.3731096541666667
7 0.540625 0.578125 0.590625 0.5354166666666667