4 0.6229166666666667 0.34270833333333334 0.06979166666666667 0.175
15 0.559375 0.346875 0.07291666666666667 0.18020833333333333
17 0.48541666666666666 0.34375 0.071875 0.171875
13 0.41041666666666665 0.3458333333333333 0.08229166666666667 0.1875
1 0.3333333333333333 0.35520833333333335 0.06666666666666667 0.19270833333333334
3 0.6260416666666667 0.5427083333333333 0.071875 0.16875
16 0.484375 0.5416666666666666 0.071875 0.18020833333333333
0 0.334375 0.5510416666666667 0.06666666666666667 0.17916666666666667
8 0.2625 0.5552083333333333 0.06666666666666667 0.17291666666666666
9 0.2604166666666667 0.35625 0.06875 0.18541666666666667
6 0.5260416666666666 0.7625 0.11354166666666667 0.078125
6 0.45729166666666665 0.828125 0.09791666666666667 0.07604166666666666
6 0.553125 0.8635416666666667 0.08333333333333333 0.08854166666666667
10 0.6958333333333333 0.5395833333333333 0.06458333333333334 0.17604166666666668
14 0.5520833333333334 0.5416666666666666 0.06666666666666667 0.17708333333333334
5 0.7284830729166667 0.2908203125 0.7262183791666666 0.25403180833333333 0.6635928208333334 0.2587820875 0.6639787958333333 0.37232142916666666 0.6702380958333334 0.30357142916666663 0.7431361604166666 0.3024135041666666 0.7284830729166667 0.2908203125
5 0.3680850083333333 0.6288713729166666 0.4451543895833333 0.6270856583333334 0.4455310645833333 0.45489676458333334 0.43159877291666665 0.5645717083333334 0.35833333333333334 0.5696428583333333 0.3680850083333333 0.6288713729166666
7 0.48541666666666666 0.453125 0.5802083333333333 0.48333333333333334