11 0.6916666666666667 0.5083333333333333 0.071875 0.17708333333333334
4 0.615625 0.5125 0.06979166666666667 0.175
15 0.5458333333333333 0.5166666666666667 0.07291666666666667 0.18020833333333333
17 0.47708333333333336 0.525 0.071875 0.171875
13 0.4 0.5229166666666667 0.08229166666666667 0.1875
1 0.3260416666666667 0.5322916666666667 0.07916666666666666 0.184375
10 0.684375 0.303125 0.06875 0.18125
3 0.6125 0.31145833333333334 0.071875 0.16875
14 0.5395833333333333 0.31875 0.06979166666666667 0.17916666666666667
16 0.4666666666666667 0.33125 0.071875 0.18020833333333333
12 0.39166666666666666 0.33125 0.065625 0.165625
0 0.31666666666666665 0.33958333333333335 0.06666666666666667 0.17916666666666667
5 0.20714285833333335 0.30493861666666666 0.1896623875 0.31921037916666667 0.2513113833333333 0.30145089166666666 0.27583705416666665 0.42071707708333334 0.27633928541666664 0.25938895208333335 0.20560825833333332 0.26943359375 0.20714285833333335 0.30493861666666666
5 0.22718098958333333 0.62666015625 0.2762323291666667 0.6243861604166666 0.28093842916666667 0.4523228229166667 0.26569475416666666 0.5572753916666666 0.19561011875 0.5561104916666667 0.2220796125 0.5769391729166667 0.22718098958333333 0.62666015625
7 0.45729166666666665 0.409375 0.5854166666666667 0.5333333333333333