4 0.60625 0.7114583333333333 0.06979166666666667 0.175
15 0.5375 0.7020833333333333 0.07291666666666667 0.18020833333333333
17 0.465625 0.6885416666666667 0.071875 0.171875
13 0.39166666666666666 0.671875 0.08229166666666667 0.1875
1 0.31875 0.665625 0.07916666666666666 0.184375
3 0.61875 0.5052083333333334 0.071875 0.16875
16 0.4739583333333333 0.4947916666666667 0.071875 0.18020833333333333
0 0.325 0.4864583333333333 0.06666666666666667 0.17916666666666667
8 0.25833333333333336 0.46145833333333336 0.06666666666666667 0.17291666666666666
9 0.246875 0.6666666666666666 0.059375 0.18645833333333334
6 0.5260416666666666 0.2375 0.11354166666666667 0.078125
6 0.45729166666666665 0.171875 0.09791666666666667 0.07604166666666666
6 0.553125 0.13645833333333332 0.08333333333333333 0.08854166666666667
11 0.6760416666666667 0.721875 0.06979166666666667 0.17291666666666666
12 0.40520833333333334 0.49166666666666664 0.071875 0.16979166666666667
5 0.5170479916666666 0.41766182916666666 0.5163643979166667 0.46162806874999995 0.5216843375 0.4570172979166667 0.5840355291666667 0.46859653958333336 0.5800269708333333 0.42959681875 0.5170479916666666 0.41766182916666666
5 0.7304315479166666 0.44596121666666666 0.6608026416666667 0.44024135 0.6626116083333333 0.5023925770833333 0.7446475083333334 0.5092424666666667 0.73203125 0.49275948541666664 0.7304315479166666 0.44596121666666666
7 0.478125 0.5864583333333333 0.5770833333333333 0.5645833333333333