11 0.7104166666666667 0.6583333333333333 0.05416666666666667 0.15833333333333333
15 0.5666666666666667 0.6458333333333334 0.059375 0.159375
17 0.5020833333333333 0.64375 0.06354166666666666 0.16666666666666666
13 0.43125 0.6364583333333333 0.071875 0.17395833333333333
3 0.6614583333333334 0.4583333333333333 0.06979166666666667 0.16354166666666667
14 0.5875 0.4583333333333333 0.065625 0.16458333333333333
16 0.5177083333333333 0.45208333333333334 0.06458333333333334 0.165625
12 0.4479166666666667 0.446875 0.07083333333333333 0.16770833333333332
0 0.375 0.44583333333333336 0.07083333333333333 0.165625
8 0.303125 0.440625 0.06458333333333334 0.16666666666666666
5 0.70107886875 0.3859592020833333 0.6926669979166667 0.5283978166666666 0.7129629625 0.47420635 0.7701667895833334 0.48231336874999997 0.7551359958333334 0.46148003541666666 0.7554770166666667 0.38917565625 0.70107886875 0.3859592020833333
5 0.25369440416666666 0.6973741312499999 0.3290602270833333 0.7035822791666667 0.32940641458333336 0.5594618062500001 0.29761904791666666 0.6269841270833333 0.23290240625 0.6132424979166667 0.25547185 0.6308051208333333 0.25369440416666666 0.6973741312499999
4 0.6427083333333333 0.653125 0.06666666666666667 0.16041666666666668
1 0.36770833333333336 0.6364583333333333 0.06041666666666667 0.15104166666666666
7 0.49895833333333334 0.546875 0.5729166666666666 0.509375