11 0.315625 0.44583333333333336 0.06875 0.18020833333333333
4 0.38958333333333334 0.43645833333333334 0.06979166666666667 0.16979166666666667
15 0.46145833333333336 0.4322916666666667 0.06145833333333333 0.17083333333333334
17 0.5322916666666667 0.434375 0.06770833333333333 0.16770833333333332
1 0.678125 0.4166666666666667 0.06666666666666667 0.15208333333333332
10 0.315625 0.621875 0.06666666666666667 0.17083333333333334
16 0.53125 0.61875 0.07083333333333333 0.175
14 0.46041666666666664 0.6239583333333333 0.06875 0.16875
12 0.609375 0.6177083333333333 0.07395833333333333 0.16666666666666666
0 0.6802083333333333 0.6208333333333333 0.06666666666666667 0.16458333333333333
8 0.753125 0.6208333333333333 0.07708333333333334 0.171875
9 0.7510416666666667 0.42291666666666666 0.06666666666666667 0.165625
13 0.6052083333333333 0.42604166666666665 0.06458333333333334 0.16041666666666668
5 0.41190476249999997 0.6428571416666667 0.3527111229166667 0.64951869375 0.355877975 0.7014927458333333 0.4198474708333333 0.7049107145833333 0.42112165208333335 0.5988351000000001 0.41190476249999997 0.6428571416666667
7 0.5333333333333333 0.515625 0.5760416666666667 0.5