8 0.7177083333333333 0.5864583333333333 0.07083333333333333 0.17604166666666668
12 0.5822916666666667 0.5833333333333334 0.06770833333333333 0.18020833333333333
16 0.5083333333333333 0.575 0.06458333333333334 0.17291666666666666
14 0.4375 0.578125 0.06770833333333333 0.165625
10 0.2947916666666667 0.55 0.06979166666666667 0.17708333333333334
9 0.7270833333333333 0.4114583333333333 0.06666666666666667 0.17291666666666666
1 0.6572916666666667 0.40729166666666666 0.065625 0.16875
13 0.5895833333333333 0.3958333333333333 0.06145833333333333 0.16875
17 0.5166666666666667 0.38645833333333335 0.06041666666666667 0.15729166666666666
15 0.44479166666666664 0.384375 0.06354166666666666 0.16354166666666667
4 0.38125 0.37604166666666666 0.06666666666666667 0.16145833333333334
11 0.30833333333333335 0.3614583333333333 0.06458333333333334 0.159375
5 0.6817542979166666 0.5670572916666666 0.70688140625 0.55047123125 0.6455026458333334 0.5515873020833334 0.6217809604166666 0.49745008749999997 0.6171151625 0.6631014395833332 0.6790364583333334 0.6652870791666667 0.6817542979166666 0.5670572916666666
5 0.40761925416666667 0.6436244416666667 0.4047980729166667 0.55712115625 0.39814814791666664 0.53174603125 0.34163153125 0.5311802458333333 0.3422980729166667 0.5567181291666666 0.3412698416666667 0.6375868062500001 0.40761925416666667 0.6436244416666667
6 0.65625 0.6114583333333333 0.04791666666666667 0.07083333333333333
6 0.375 0.578125 0.04895833333333333 0.08125
7 0.5072916666666667 0.465625 0.584375 0.5760416666666667