11 0.41041666666666665 0.365625 0.06979166666666667 0.16666666666666666
4 0.4895833333333333 0.3614583333333333 0.06770833333333333 0.165625
15 0.5645833333333333 0.36666666666666664 0.07291666666666667 0.17916666666666667
17 0.6322916666666667 0.3697916666666667 0.065625 0.18645833333333334
13 0.709375 0.365625 0.06875 0.18333333333333332
1 0.7760416666666666 0.36666666666666664 0.06041666666666667 0.17604166666666668
9 0.8395833333333333 0.3614583333333333 0.06354166666666666 0.17604166666666668
8 0.84375 0.5645833333333333 0.06666666666666667 0.17083333333333334
0 0.7770833333333333 0.5635416666666667 0.06354166666666666 0.16458333333333333
12 0.7010416666666667 0.5614583333333333 0.0625 0.17395833333333333
16 0.63125 0.5635416666666667 0.06458333333333334 0.17291666666666666
14 0.5625 0.5635416666666667 0.06458333333333334 0.159375
3 0.4875 0.5677083333333334 0.06770833333333333 0.16979166666666667
10 0.415625 0.5666666666666667 0.08020833333333334 0.16666666666666666