5 0.6925584895833333 0.26784164166666663 0.6213107645833333 0.273049975 0.6216931208333333 0.4107220354166667 0.6328073333333334 0.31823536666666663 0.6942790999999999 0.31026785625000003 0.6925584895833333 0.26784164166666663
11 0.7270833333333333 0.3416666666666667 0.05416666666666667 0.15833333333333333
15 0.5854166666666667 0.353125 0.059375 0.159375
17 0.5135416666666667 0.35520833333333335 0.06354166666666666 0.16666666666666666
13 0.44166666666666665 0.36354166666666665 0.071875 0.17395833333333333
5 0.401682375 0.282420325 0.34006593125 0.28638857916666666 0.33594783333333333 0.35946800625 0.32377438750000004 0.3858971979166667 0.3862433854166667 0.35515873125 0.39600384375 0.4228128104166667 0.401682375 0.282420325
9 0.3020833333333333 0.36770833333333336 0.0625 0.17395833333333333
10 0.7291666666666666 0.534375 0.059375 0.17395833333333333
3 0.6614583333333334 0.5416666666666666 0.06979166666666667 0.16354166666666667
14 0.5875 0.5416666666666666 0.065625 0.16458333333333333
16 0.5177083333333333 0.5479166666666667 0.06458333333333334 0.165625
12 0.4479166666666667 0.553125 0.07083333333333333 0.16770833333333332
0 0.375 0.5541666666666667 0.07083333333333333 0.165625
8 0.303125 0.559375 0.06458333333333334 0.16666666666666666
7 0.5041666666666667 0.4479166666666667 0.5708333333333333 0.5614583333333333