11 0.25416666666666665 0.36875 0.059375 0.1625
4 0.32395833333333335 0.36666666666666664 0.06354166666666666 0.171875
15 0.3927083333333333 0.37083333333333335 0.059375 0.1625
17 0.46041666666666664 0.38125 0.06666666666666667 0.1625
13 0.534375 0.3875 0.07395833333333333 0.16354166666666667
1 0.6 0.39479166666666665 0.065625 0.16458333333333333
9 0.675 0.409375 0.059375 0.16666666666666666
10 0.246875 0.55 0.06354166666666666 0.171875
3 0.31666666666666665 0.5604166666666667 0.06979166666666667 0.16458333333333333
14 0.3875 0.5614583333333333 0.07604166666666666 0.16875
16 0.45729166666666665 0.56875 0.06354166666666666 0.18020833333333333
12 0.5270833333333333 0.584375 0.06770833333333333 0.18125
0 0.5927083333333333 0.5885416666666666 0.065625 0.165625
8 0.6666666666666666 0.5958333333333333 0.06979166666666667 0.16354166666666667
6 0.28020833333333334 0.784375 0.07604166666666666 0.09479166666666666
6 0.24583333333333332 0.8510416666666667 0.04791666666666667 0.06770833333333333
7 0.475 0.4510416666666667 0.5614583333333333 0.5833333333333334