10 0.309375 0.6385416666666667 0.06979166666666667 0.171875
9 0.7208333333333333 0.43020833333333336 0.075 0.17395833333333333
14 0.4479166666666667 0.6302083333333334 0.07291666666666667 0.16770833333333332
16 0.5135416666666667 0.44479166666666664 0.065625 0.16770833333333332
16 0.5208333333333334 0.6197916666666666 0.06666666666666667 0.171875
13 0.5802083333333333 0.4322916666666667 0.075 0.184375
1 0.6479166666666667 0.42916666666666664 0.071875 0.18020833333333333
8 0.73125 0.6072916666666667 0.06458333333333334 0.16666666666666666
4 0.375 0.4552083333333333 0.07083333333333333 0.171875
11 0.30520833333333336 0.4583333333333333 0.06458333333333334 0.18333333333333332
0 0.659375 0.6145833333333334 0.07708333333333334 0.1625
12 0.5895833333333333 0.6229166666666667 0.059375 0.16458333333333333
15 0.44375 0.4479166666666667 0.06458333333333334 0.16875
5 0.34937169375 0.7171844 0.4073144020833333 0.7177036833333333 0.4054491145833333 0.6496698291666667 0.34628699583333333 0.6509796625 0.34937169375 0.7171844
7 0.5197916666666667 0.5177083333333333 0.5739583333333333 0.46458333333333335