11 0.2791666666666667 0.48333333333333334 0.057291666666666664 0.16354166666666667
4 0.35208333333333336 0.48541666666666666 0.07083333333333333 0.16458333333333333
15 0.4197916666666667 0.48541666666666666 0.06041666666666667 0.16770833333333332
17 0.48854166666666665 0.49583333333333335 0.08125 0.17083333333333334
13 0.559375 0.5 0.06458333333333334 0.171875
1 0.6322916666666667 0.5010416666666667 0.065625 0.17604166666666668
9 0.7 0.5052083333333334 0.06041666666666667 0.16770833333333332
10 0.27395833333333336 0.665625 0.06666666666666667 0.17291666666666666
3 0.33958333333333335 0.6697916666666667 0.06041666666666667 0.17604166666666668
14 0.41354166666666664 0.678125 0.065625 0.17604166666666668
16 0.484375 0.6822916666666666 0.07083333333333333 0.17083333333333334
12 0.5572916666666666 0.6875 0.06979166666666667 0.17604166666666668
0 0.628125 0.6989583333333333 0.0625 0.16979166666666667
8 0.696875 0.69375 0.06458333333333334 0.18020833333333333
7 0.4864583333333333 0.5895833333333333 0.5291666666666667 0.44375