10 0.73125 0.47708333333333336 0.071875 0.203125
11 0.7197916666666667 0.728125 0.08125 0.19166666666666668
4 0.6291666666666667 0.728125 0.08020833333333334 0.21770833333333334
15 0.534375 0.7229166666666667 0.08958333333333333 0.23020833333333332
17 0.4427083333333333 0.728125 0.08541666666666667 0.21875
13 0.3458333333333333 0.71875 0.084375 0.225
1 0.25833333333333336 0.7208333333333333 0.07916666666666666 0.225
9 0.16354166666666667 0.7302083333333333 0.07395833333333333 0.21770833333333334
8 0.159375 0.4864583333333333 0.08125 0.20104166666666667
0 0.253125 0.47604166666666664 0.075 0.196875
12 0.346875 0.47291666666666665 0.084375 0.19791666666666666
16 0.43645833333333334 0.4791666666666667 0.08645833333333333 0.21666666666666667
14 0.5354166666666667 0.48333333333333334 0.084375 0.215625
3 0.6354166666666666 0.4875 0.09166666666666666 0.215625