11 0.2875 0.6354166666666666 0.05416666666666667 0.15833333333333333
15 0.428125 0.634375 0.059375 0.159375
17 0.496875 0.625 0.06354166666666666 0.16666666666666666
13 0.56875 0.6364583333333333 0.071875 0.17395833333333333
3 0.35208333333333336 0.44375 0.06979166666666667 0.16354166666666667
14 0.41458333333333336 0.446875 0.065625 0.16458333333333333
12 0.5614583333333333 0.4375 0.07083333333333333 0.16770833333333332
0 0.6364583333333333 0.428125 0.07083333333333333 0.165625
8 0.7041666666666667 0.43125 0.06458333333333334 0.16666666666666666
1 0.6385416666666667 0.6208333333333333 0.06041666666666667 0.15104166666666666
5 0.32670924375 0.6689608145833332 0.32548466458333336 0.70791480625 0.37935061249999996 0.7064809645833333 0.39295531666666667 0.59169611875 0.37830687916666667 0.65079365 0.31768766458333336 0.6529327875 0.32670924375 0.6689608145833332
5 0.5287181708333333 0.5146794395833333 0.5225952791666667 0.3556547625 0.45235511666666667 0.36101810625 0.45131138333333337 0.5169890875 0.4648179145833333 0.4242544020833333 0.5145502645833333 0.42063492083333337 0.5287181708333333 0.5146794395833333
10 0.2791666666666667 0.4479166666666667 0.057291666666666664 0.17291666666666666
9 0.70625 0.6166666666666667 0.058333333333333334 0.16979166666666667
7 0.5041666666666667 0.5302083333333333 0.5625 0.47708333333333336