11 0.725 0.41354166666666664 0.07083333333333333 0.16145833333333334
4 0.6552083333333333 0.409375 0.071875 0.15416666666666667
15 0.5875 0.4125 0.06145833333333333 0.17083333333333334
17 0.5135416666666667 0.40520833333333334 0.06770833333333333 0.16770833333333332
13 0.44166666666666665 0.40208333333333335 0.06875 0.16458333333333333
1 0.37395833333333334 0.39895833333333336 0.06666666666666667 0.15208333333333332
9 0.30416666666666664 0.3927083333333333 0.071875 0.153125
10 0.7208333333333333 0.6020833333333333 0.06666666666666667 0.17083333333333334
3 0.6520833333333333 0.5979166666666667 0.0625 0.165625
14 0.58125 0.5958333333333333 0.07083333333333333 0.175
16 0.5104166666666666 0.5927083333333333 0.06875 0.16875
12 0.4354166666666667 0.5864583333333333 0.07395833333333333 0.16666666666666666
0 0.36875 0.5822916666666667 0.06666666666666667 0.16458333333333333
8 0.3 0.5729166666666666 0.07708333333333334 0.171875
7 0.5135416666666667 0.490625 0.5875 0.53125