11 0.2875 0.4479166666666667 0.071875 0.17708333333333334
4 0.35833333333333334 0.4395833333333333 0.06979166666666667 0.175
15 0.43333333333333335 0.44479166666666664 0.07291666666666667 0.18020833333333333
17 0.5010416666666667 0.434375 0.071875 0.171875
13 0.5791666666666667 0.440625 0.08229166666666667 0.1875
1 0.6520833333333333 0.44375 0.07916666666666666 0.184375
10 0.28125 0.6354166666666666 0.06875 0.18125
3 0.35520833333333335 0.6416666666666667 0.071875 0.16875
14 0.4322916666666667 0.6364583333333333 0.06979166666666667 0.17916666666666667
16 0.5052083333333334 0.634375 0.071875 0.18020833333333333
12 0.578125 0.6375 0.065625 0.165625
0 0.6520833333333333 0.640625 0.06666666666666667 0.17916666666666667
8 0.7208333333333333 0.6385416666666667 0.06666666666666667 0.17291666666666666
9 0.7177083333333333 0.440625 0.059375 0.18645833333333334
7 0.503125 0.5489583333333333 0.5677083333333334 0.509375