11 0.56875 0.33958333333333335 0.06979166666666667 0.16666666666666666
4 0.5010416666666667 0.33958333333333335 0.06770833333333333 0.165625
15 0.42291666666666666 0.33541666666666664 0.07291666666666667 0.17916666666666667
17 0.35208333333333336 0.34375 0.065625 0.18645833333333334
13 0.2760416666666667 0.33958333333333335 0.06875 0.18333333333333332
1 0.20625 0.3385416666666667 0.06041666666666667 0.17604166666666668
9 0.14479166666666668 0.3375 0.06354166666666666 0.17604166666666668
8 0.13854166666666667 0.5354166666666667 0.06666666666666667 0.17083333333333334
0 0.209375 0.534375 0.06354166666666666 0.16458333333333333
12 0.27395833333333336 0.5354166666666667 0.0625 0.17395833333333333
16 0.35104166666666664 0.53125 0.06458333333333334 0.17291666666666666
14 0.425 0.5395833333333333 0.06458333333333334 0.159375
3 0.5 0.546875 0.06770833333333333 0.16979166666666667
10 0.5677083333333334 0.5395833333333333 0.08020833333333334 0.16666666666666666