16 0.43645833333333334 0.325 0.071875 0.18020833333333333
9 0.21458333333333332 0.5072916666666667 0.06666666666666667 0.17916666666666667
8 0.21770833333333334 0.31875 0.06979166666666667 0.17291666666666666
14 0.5104166666666666 0.3260416666666667 0.065625 0.17291666666666666
11 0.6479166666666667 0.5364583333333334 0.06354166666666666 0.16666666666666666
10 0.6541666666666667 0.3333333333333333 0.07604166666666666 0.17916666666666667
3 0.5822916666666667 0.32708333333333334 0.06875 0.16979166666666667
4 0.5791666666666667 0.5385416666666667 0.06458333333333334 0.16770833333333332
15 0.5104166666666666 0.53125 0.06875 0.17083333333333334
17 0.4322916666666667 0.5291666666666667 0.07708333333333334 0.18020833333333333
12 0.36354166666666665 0.3177083333333333 0.06875 0.18020833333333333
13 0.36041666666666666 0.5177083333333333 0.07083333333333333 0.16770833333333332
1 0.2864583333333333 0.5104166666666666 0.075 0.17395833333333333
5 0.2590541291666667 0.2330078125 0.2546875 0.3018763958333333 0.24285714166666666 0.30892857083333336 0.3069149916666667 0.31994977708333333 0.3276925229166666 0.4041015625 0.32543247708333334 0.23734653958333332 0.2590541291666667 0.2330078125
7 0.4354166666666667 0.4239583333333333 0.5802083333333333 0.4895833333333333