4 0.5833333333333334 0.540625 0.06979166666666667 0.175
15 0.5072916666666667 0.5416666666666666 0.07291666666666667 0.18020833333333333
17 0.43333333333333335 0.540625 0.071875 0.171875
13 0.3625 0.5375 0.08229166666666667 0.1875
3 0.5864583333333333 0.3416666666666667 0.071875 0.16875
16 0.4395833333333333 0.3385416666666667 0.071875 0.18020833333333333
0 0.290625 0.33645833333333336 0.06666666666666667 0.17916666666666667
8 0.21666666666666667 0.3375 0.06666666666666667 0.17291666666666666
9 0.215625 0.5364583333333334 0.06875 0.18541666666666667
10 0.6583333333333333 0.34791666666666665 0.06458333333333334 0.17604166666666668
14 0.5125 0.34479166666666666 0.06666666666666667 0.17708333333333334
12 0.36354166666666665 0.3385416666666667 0.06979166666666667 0.17291666666666666
11 0.65625 0.5333333333333333 0.06875 0.17604166666666668
5 0.31703869166666665 0.6228794645833333 0.31703869166666665 0.50419921875 0.3098493291666667 0.5549316395833334 0.23333333333333334 0.55 0.25164155416666667 0.5599051333333332 0.2516183041666667 0.6228794645833333 0.31703869166666665 0.6228794645833333
7 0.44479166666666664 0.44583333333333336 0.5927083333333333 0.5125