11 0.8885416666666667 0.5645833333333333 0.07395833333333333 0.175
4 0.815625 0.565625 0.078125 0.17395833333333333
15 0.7489583333333333 0.5677083333333334 0.07395833333333333 0.171875
17 0.6791666666666667 0.553125 0.07395833333333333 0.190625
13 0.603125 0.5572916666666666 0.075 0.2
1 0.5322916666666667 0.5416666666666666 0.07291666666666667 0.17708333333333334
9 0.46041666666666664 0.5510416666666667 0.075 0.190625
8 0.453125 0.7927083333333333 0.08645833333333333 0.184375
0 0.5239583333333333 0.790625 0.071875 0.18333333333333332
12 0.740625 0.7947916666666667 0.06354166666666666 0.18645833333333334
16 0.671875 0.7989583333333333 0.078125 0.18229166666666666
12 0.5947916666666667 0.790625 0.06979166666666667 0.19270833333333334
3 0.8104166666666667 0.803125 0.07083333333333333 0.18958333333333333
10 0.8895833333333333 0.7979166666666667 0.071875 0.203125