10 0.19270833333333334 0.3260416666666667 0.071875 0.203125
11 0.19375 0.5802083333333333 0.08125 0.19166666666666668
4 0.28541666666666665 0.575 0.08020833333333334 0.21770833333333334
15 0.38333333333333336 0.5708333333333333 0.08958333333333333 0.23020833333333332
17 0.4895833333333333 0.5697916666666667 0.08541666666666667 0.21875
13 0.5822916666666667 0.5583333333333333 0.084375 0.225
1 0.6770833333333334 0.5645833333333333 0.07916666666666666 0.225
9 0.7666666666666667 0.5645833333333333 0.07395833333333333 0.21770833333333334
8 0.7541666666666667 0.30416666666666664 0.08125 0.20104166666666667
0 0.6614583333333334 0.3104166666666667 0.075 0.196875
12 0.565625 0.309375 0.084375 0.19791666666666666
16 0.4739583333333333 0.31145833333333334 0.08645833333333333 0.21666666666666667
14 0.38125 0.3104166666666667 0.084375 0.215625
3 0.2791666666666667 0.31979166666666664 0.09166666666666666 0.215625