11 0.28541666666666665 0.390625 0.057291666666666664 0.16354166666666667
4 0.3541666666666667 0.390625 0.07083333333333333 0.16458333333333333
15 0.42916666666666664 0.41354166666666664 0.06041666666666667 0.16770833333333332
17 0.5010416666666667 0.41770833333333335 0.075 0.17708333333333334
13 0.5677083333333334 0.428125 0.06458333333333334 0.171875
1 0.640625 0.425 0.065625 0.17604166666666668
9 0.7041666666666667 0.42291666666666666 0.06041666666666667 0.16770833333333332
10 0.27291666666666664 0.5822916666666667 0.06666666666666667 0.17291666666666666
3 0.35 0.5927083333333333 0.06041666666666667 0.17604166666666668
14 0.425 0.59375 0.065625 0.17604166666666668
16 0.49375 0.5958333333333333 0.07083333333333333 0.17083333333333334
12 0.565625 0.6 0.06979166666666667 0.17604166666666668
0 0.6375 0.5979166666666667 0.0625 0.16979166666666667
8 0.7041666666666667 0.609375 0.06458333333333334 0.18020833333333333
7 0.48854166666666665 0.48541666666666666 0.5583333333333333 0.5135416666666667