11 0.11145833333333334 0.4354166666666667 0.07395833333333333 0.175
4 0.184375 0.446875 0.078125 0.17395833333333333
15 0.25104166666666666 0.4322916666666667 0.07395833333333333 0.171875
17 0.32083333333333336 0.446875 0.07395833333333333 0.190625
13 0.396875 0.4427083333333333 0.075 0.2
1 0.46770833333333334 0.4583333333333333 0.07291666666666667 0.17708333333333334
9 0.5395833333333333 0.44895833333333335 0.075 0.190625
8 0.5447916666666667 0.24791666666666667 0.08645833333333333 0.184375
0 0.47604166666666664 0.22916666666666666 0.071875 0.18333333333333332
12 0.259375 0.22395833333333334 0.06354166666666666 0.18645833333333334
16 0.328125 0.23020833333333332 0.078125 0.18229166666666666
12 0.40520833333333334 0.22395833333333334 0.06979166666666667 0.19270833333333334
3 0.1875 0.22083333333333333 0.07083333333333333 0.18958333333333333
10 0.11041666666666666 0.225 0.071875 0.203125