11 0.3 0.6354166666666666 0.06875 0.17916666666666667
10 0.28958333333333336 0.45 0.06666666666666667 0.16145833333333334
4 0.3697916666666667 0.6333333333333333 0.075 0.17395833333333333
3 0.36041666666666666 0.4427083333333333 0.07291666666666667 0.16770833333333332
15 0.44375 0.6291666666666667 0.065625 0.16770833333333332
14 0.4322916666666667 0.4354166666666667 0.06458333333333334 0.18020833333333333
16 0.5010416666666667 0.43333333333333335 0.06666666666666667 0.171875
17 0.5125 0.6166666666666667 0.07395833333333333 0.1625
12 0.575 0.4270833333333333 0.06666666666666667 0.16354166666666667
13 0.5833333333333334 0.6104166666666667 0.071875 0.18020833333333333
0 0.6447916666666667 0.42083333333333334 0.07291666666666667 0.16770833333333332
1 0.65 0.603125 0.06458333333333334 0.17395833333333333
8 0.715625 0.41770833333333335 0.06666666666666667 0.17291666666666666
9 0.7197916666666667 0.603125 0.07083333333333333 0.17083333333333334
7 0.5010416666666667 0.5572916666666666 0.5552083333333333 0.5458333333333333