10 0.296875 0.33541666666666664 0.06875 0.17916666666666667
9 0.7135416666666666 0.546875 0.075 0.17395833333333333
3 0.359375 0.3416666666666667 0.07291666666666667 0.16770833333333332
16 0.5104166666666666 0.5270833333333333 0.065625 0.16770833333333332
16 0.5020833333333333 0.35 0.06666666666666667 0.171875
13 0.5791666666666667 0.540625 0.07395833333333333 0.1625
1 0.646875 0.5395833333333333 0.071875 0.18020833333333333
14 0.434375 0.340625 0.06458333333333334 0.16666666666666666
4 0.359375 0.5302083333333333 0.07083333333333333 0.171875
11 0.29270833333333335 0.5239583333333333 0.06458333333333334 0.18333333333333332
8 0.7197916666666667 0.35520833333333335 0.07708333333333334 0.1625
0 0.65 0.3541666666666667 0.059375 0.16458333333333333
5 0.6243282895833333 0.2702985479166667 0.5494223291666667 0.26868644583333334 0.5454437416666666 0.38912915416666666 0.5523623520833334 0.34014601875 0.624338625 0.3452380958333333 0.6243282895833333 0.2702985479166667
15 0.43645833333333334 0.534375 0.06458333333333334 0.16875
7 0.5 0.46145833333333336 0.5802083333333333 0.4822916666666667