11 0.2916666666666667 0.38958333333333334 0.06875 0.17916666666666667
10 0.28958333333333336 0.5739583333333333 0.06666666666666667 0.16145833333333334
4 0.36666666666666664 0.39895833333333336 0.075 0.17395833333333333
3 0.36041666666666666 0.5739583333333333 0.07291666666666667 0.16770833333333332
15 0.43854166666666666 0.3885416666666667 0.065625 0.16770833333333332
16 0.5010416666666667 0.5895833333333333 0.06666666666666667 0.171875
17 0.5125 0.4041666666666667 0.07395833333333333 0.1625
13 0.58125 0.4010416666666667 0.071875 0.18020833333333333
12 0.5697916666666667 0.5875 0.06875 0.171875
1 0.6447916666666667 0.40520833333333334 0.06458333333333334 0.16666666666666666
8 0.7104166666666667 0.6104166666666667 0.07291666666666667 0.16979166666666667
9 0.715625 0.41354166666666664 0.07083333333333333 0.171875
0 0.6416666666666667 0.603125 0.06041666666666667 0.16041666666666668
5 0.39959490833333333 0.6605902770833333 0.46161954375 0.6681547625 0.46031746041666666 0.5615079354166668 0.3985976770833333 0.5511067708333334 0.39959490833333333 0.6605902770833333
7 0.49375 0.49270833333333336 0.5979166666666667 0.4947916666666667