4 0.39375 0.7114583333333333 0.06979166666666667 0.175
15 0.4625 0.7020833333333333 0.07291666666666667 0.18020833333333333
17 0.534375 0.6885416666666667 0.071875 0.171875
13 0.6083333333333333 0.671875 0.08229166666666667 0.1875
1 0.68125 0.665625 0.07916666666666666 0.184375
3 0.38125 0.5052083333333334 0.071875 0.16875
16 0.5260416666666666 0.4947916666666667 0.071875 0.18020833333333333
0 0.675 0.4864583333333333 0.06666666666666667 0.17916666666666667
8 0.7416666666666667 0.46145833333333336 0.06666666666666667 0.17291666666666666
9 0.753125 0.6666666666666666 0.059375 0.18645833333333334
6 0.4739583333333333 0.2375 0.11354166666666667 0.078125
6 0.5427083333333333 0.171875 0.09791666666666667 0.07604166666666666
6 0.446875 0.13645833333333332 0.08333333333333333 0.08854166666666667
11 0.32395833333333335 0.721875 0.06979166666666667 0.17291666666666666
12 0.5947916666666667 0.49166666666666664 0.071875 0.16979166666666667
5 0.48363560208333334 0.46162806874999995 0.48295200833333335 0.41766182916666666 0.4199730291666667 0.42959681875 0.4159644708333333 0.46859653958333336 0.4783156625 0.4570172979166667 0.48363560208333334 0.46162806874999995
5 0.3391973583333333 0.44024135 0.2695684520833333 0.44596121666666666 0.26796875 0.49275948541666664 0.2553524916666667 0.5092424666666667 0.3373883916666667 0.5023925770833333 0.3391973583333333 0.44024135
7 0.521875 0.5864583333333333 0.5770833333333333 0.5645833333333333