11 0.7 0.54375 0.071875 0.17708333333333334
4 0.6291666666666667 0.553125 0.06979166666666667 0.175
15 0.553125 0.5541666666666667 0.07291666666666667 0.18020833333333333
17 0.48125 0.559375 0.071875 0.171875
13 0.403125 0.5635416666666667 0.08229166666666667 0.1875
1 0.33125 0.5708333333333333 0.07916666666666666 0.184375
9 0.2635416666666667 0.575 0.06979166666666667 0.18125
10 0.7 0.35104166666666664 0.06875 0.18125
3 0.6229166666666667 0.35625 0.071875 0.16875
14 0.5479166666666667 0.35520833333333335 0.06979166666666667 0.17916666666666667
16 0.47291666666666665 0.36666666666666664 0.071875 0.18020833333333333
12 0.4010416666666667 0.36666666666666664 0.065625 0.165625
0 0.328125 0.3729166666666667 0.06666666666666667 0.17916666666666667
8 0.25625 0.3802083333333333 0.06770833333333333 0.175
7 0.47291666666666665 0.4479166666666667 0.5947916666666667 0.525