4 0.5833333333333334 0.459375 0.06979166666666667 0.175
15 0.5072916666666667 0.4583333333333333 0.07291666666666667 0.18020833333333333
17 0.43645833333333334 0.4666666666666667 0.071875 0.171875
13 0.3625 0.471875 0.08229166666666667 0.1875
1 0.2916666666666667 0.4739583333333333 0.071875 0.16875
16 0.4395833333333333 0.6614583333333334 0.071875 0.18020833333333333
0 0.290625 0.6635416666666667 0.06666666666666667 0.17916666666666667
9 0.22083333333333333 0.48333333333333334 0.06875 0.18541666666666667
10 0.6583333333333333 0.6520833333333333 0.06458333333333334 0.17604166666666668
3 0.584375 0.6697916666666667 0.06666666666666667 0.17708333333333334
12 0.36354166666666665 0.6614583333333334 0.06979166666666667 0.17291666666666666
11 0.65625 0.4666666666666667 0.06875 0.17604166666666668
5 0.15857515 0.6852050791666666 0.1845563625 0.6935756145833333 0.18347284166666666 0.7664620541666667 0.2545107875 0.7574916291666667 0.25058128749999997 0.6004464291666667 0.22958519375 0.6841866625 0.15492001458333335 0.6846470416666667 0.15857515 0.6852050791666666
14 0.5135416666666667 0.6666666666666666 0.065625 0.17291666666666666
7 0.4354166666666667 0.5854166666666667 0.5625 0.47291666666666665