11 0.6791666666666667 0.39479166666666665 0.06875 0.18020833333333333
4 0.6083333333333333 0.3958333333333333 0.06979166666666667 0.16979166666666667
15 0.534375 0.39375 0.06145833333333333 0.17083333333333334
17 0.4635416666666667 0.40208333333333335 0.06770833333333333 0.16770833333333332
13 0.390625 0.4010416666666667 0.06875 0.16458333333333333
1 0.31666666666666665 0.403125 0.06666666666666667 0.15208333333333332
9 0.24583333333333332 0.40625 0.071875 0.153125
10 0.684375 0.5875 0.06666666666666667 0.17083333333333334
3 0.615625 0.5979166666666667 0.0625 0.165625
14 0.5416666666666666 0.5989583333333334 0.07083333333333333 0.175
16 0.46979166666666666 0.596875 0.06875 0.16875
12 0.39479166666666665 0.6041666666666666 0.07395833333333333 0.16666666666666666
0 0.3229166666666667 0.6052083333333333 0.06666666666666667 0.16458333333333333
8 0.24791666666666667 0.6072916666666667 0.07708333333333334 0.171875
7 0.45625 0.45 0.5802083333333333 0.6614583333333334