11 0.8760416666666667 0.42083333333333334 0.07395833333333333 0.175
4 0.8020833333333334 0.4239583333333333 0.078125 0.17395833333333333
15 0.7385416666666667 0.42916666666666664 0.07395833333333333 0.171875
17 0.6645833333333333 0.43125 0.07395833333333333 0.190625
13 0.59375 0.43854166666666666 0.075 0.2
1 0.5145833333333333 0.4395833333333333 0.07291666666666667 0.17708333333333334
9 0.440625 0.45208333333333334 0.075 0.190625
8 0.43645833333333334 0.2604166666666667 0.08645833333333333 0.184375
0 0.5104166666666666 0.24791666666666667 0.071875 0.18333333333333332
12 0.734375 0.23541666666666666 0.06354166666666666 0.18645833333333334
16 0.6552083333333333 0.23125 0.078125 0.18229166666666666
12 0.58125 0.23541666666666666 0.06979166666666667 0.19270833333333334
3 0.8041666666666667 0.23125 0.07083333333333333 0.18958333333333333
10 0.875 0.23125 0.071875 0.203125