4 0.578125 0.44895833333333335 0.06979166666666667 0.175
15 0.5072916666666667 0.4583333333333333 0.07291666666666667 0.18020833333333333
17 0.43333333333333335 0.459375 0.071875 0.171875
13 0.3625 0.4625 0.08229166666666667 0.1875
1 0.2875 0.4666666666666667 0.06666666666666667 0.19270833333333334
3 0.5864583333333333 0.6583333333333333 0.071875 0.16875
16 0.4395833333333333 0.6614583333333334 0.071875 0.18020833333333333
0 0.290625 0.6635416666666667 0.06666666666666667 0.17916666666666667
8 0.21666666666666667 0.6625 0.06666666666666667 0.17291666666666666
9 0.215625 0.4635416666666667 0.06875 0.18541666666666667
10 0.6583333333333333 0.6520833333333333 0.06458333333333334 0.17604166666666668
14 0.5125 0.6552083333333333 0.06666666666666667 0.17708333333333334
12 0.36354166666666665 0.6614583333333334 0.06979166666666667 0.17291666666666666
11 0.653125 0.44895833333333335 0.06875 0.17604166666666668
7 0.4427083333333333 0.5635416666666667 0.56875 0.5239583333333333