16 0.43854166666666666 0.6479166666666667 0.071875 0.18020833333333333
0 0.290625 0.6510416666666666 0.06666666666666667 0.17916666666666667
8 0.21770833333333334 0.65625 0.06979166666666667 0.17291666666666666
14 0.5104166666666666 0.6489583333333333 0.065625 0.17291666666666666
11 0.6541666666666667 0.45208333333333334 0.06354166666666666 0.16666666666666666
10 0.6552083333333333 0.6479166666666667 0.07604166666666666 0.17916666666666667
3 0.5822916666666667 0.653125 0.06875 0.16979166666666667
4 0.58125 0.4552083333333333 0.06458333333333334 0.16770833333333332
15 0.5083333333333333 0.45208333333333334 0.06875 0.17083333333333334
17 0.4322916666666667 0.4552083333333333 0.07708333333333334 0.18020833333333333
12 0.36354166666666665 0.6541666666666667 0.06875 0.18020833333333333
13 0.36041666666666666 0.45208333333333334 0.07083333333333333 0.16770833333333332
1 0.2864583333333333 0.4552083333333333 0.075 0.17395833333333333
5 0.24527064791666667 0.37802036875 0.178520275 0.3752790166666667 0.17820870416666665 0.4283272875 0.15316220208333334 0.4452497208333333 0.22682291666666668 0.44559849375000005 0.223809525 0.44821428541666664 0.24323381666666669 0.5191685270833334 0.24527064791666667 0.37802036875
7 0.42604166666666665 0.5854166666666667 0.5760416666666667 0.5291666666666667