11 0.540625 0.7854166666666667 0.07083333333333333 0.165625
4 0.4739583333333333 0.7885416666666667 0.08229166666666667 0.17395833333333333
15 0.3958333333333333 0.78125 0.07395833333333333 0.1875
17 0.31979166666666664 0.790625 0.075 0.18854166666666666
13 0.24270833333333333 0.796875 0.078125 0.17916666666666667
1 0.17291666666666666 0.80625 0.06354166666666666 0.175
9 0.10208333333333333 0.803125 0.078125 0.19166666666666668
10 0.534375 0.5833333333333334 0.07395833333333333 0.18333333333333332
3 0.4708333333333333 0.590625 0.065625 0.18333333333333332
14 0.39166666666666666 0.59375 0.07083333333333333 0.17916666666666667
16 0.315625 0.5958333333333333 0.06875 0.190625
12 0.24375 0.5947916666666667 0.06875 0.18125
0 0.17291666666666666 0.5958333333333333 0.06458333333333334 0.18333333333333332
8 0.09791666666666667 0.6 0.078125 0.2