11 0.2791666666666667 0.5166666666666667 0.057291666666666664 0.16354166666666667
4 0.35208333333333336 0.5145833333333333 0.07083333333333333 0.16458333333333333
15 0.4197916666666667 0.5145833333333333 0.06041666666666667 0.16770833333333332
17 0.48854166666666665 0.5041666666666667 0.08125 0.17083333333333334
13 0.559375 0.5 0.06458333333333334 0.171875
1 0.6322916666666667 0.49895833333333334 0.065625 0.17604166666666668
9 0.7 0.4947916666666667 0.06041666666666667 0.16770833333333332
10 0.27395833333333336 0.334375 0.06666666666666667 0.17291666666666666
3 0.33958333333333335 0.3302083333333333 0.06041666666666667 0.17604166666666668
14 0.41354166666666664 0.321875 0.065625 0.17604166666666668
16 0.484375 0.3177083333333333 0.07083333333333333 0.17083333333333334
12 0.5572916666666666 0.3125 0.06979166666666667 0.17604166666666668
0 0.628125 0.30104166666666665 0.0625 0.16979166666666667
8 0.696875 0.30625 0.06458333333333334 0.18020833333333333
7 0.49166666666666664 0.40520833333333334 0.553125 0.5083333333333333