11 0.6875 0.553125 0.06875 0.18020833333333333
4 0.6177083333333333 0.5697916666666667 0.06979166666666667 0.16979166666666667
15 0.5427083333333333 0.5729166666666666 0.06145833333333333 0.17083333333333334
17 0.475 0.5770833333333333 0.06770833333333333 0.16770833333333332
1 0.32708333333333334 0.6020833333333333 0.06666666666666667 0.15208333333333332
10 0.6885416666666667 0.3645833333333333 0.06666666666666667 0.17083333333333334
3 0.6145833333333334 0.3729166666666667 0.0625 0.165625
14 0.540625 0.378125 0.07083333333333333 0.175
16 0.46875 0.38333333333333336 0.06875 0.16875
12 0.39479166666666665 0.3958333333333333 0.07395833333333333 0.16666666666666666
0 0.3229166666666667 0.39479166666666665 0.06666666666666667 0.16458333333333333
8 0.24895833333333334 0.403125 0.07708333333333334 0.171875
5 0.3666108625 0.6282784604166667 0.36655505833333335 0.6748674666666666 0.43737444166666667 0.6701660145833334 0.43876023124999997 0.5346191395833333 0.4277111229166667 0.59579380625 0.36547619166666667 0.6035714291666667 0.3666108625 0.6282784604166667
5 0.22397228333333336 0.6228585375000001 0.22797153958333333 0.6929478229166667 0.2934012270833334 0.6830915166666667 0.29102492500000005 0.5325055791666666 0.2674990708333333 0.6036690854166668 0.19523809583333335 0.6107142854166666 0.22397228333333336 0.6228585375000001
7 0.4708333333333333 0.478125 0.6 0.5427083333333333