10 0.26145833333333335 0.359375 0.06875 0.17916666666666667
9 0.6864583333333333 0.540625 0.06666666666666667 0.16145833333333334
4 0.34270833333333334 0.5489583333333333 0.075 0.17395833333333333
3 0.33645833333333336 0.35208333333333336 0.07291666666666667 0.16770833333333332
15 0.41354166666666664 0.5552083333333333 0.065625 0.16770833333333332
16 0.4791666666666667 0.35625 0.06666666666666667 0.171875
17 0.484375 0.5510416666666667 0.07395833333333333 0.1625
13 0.55 0.5416666666666666 0.071875 0.18020833333333333
12 0.5510416666666667 0.3541666666666667 0.06875 0.171875
14 0.40729166666666666 0.35520833333333335 0.06458333333333334 0.16666666666666666
8 0.6833333333333333 0.34270833333333334 0.07291666666666667 0.16979166666666667
11 0.26666666666666666 0.5479166666666667 0.07083333333333333 0.171875
0 0.625 0.35520833333333335 0.06041666666666667 0.16041666666666668
5 0.5876684437499999 0.46875 0.5872137479166667 0.6279529395833333 0.6475694437499999 0.6301385791666667 0.6432395 0.5429532479166668 0.6534391541666668 0.5218253979166667 0.5976304145833333 0.5279637895833333 0.5876684437499999 0.46875
7 0.471875 0.45729166666666665 0.55 0.4583333333333333