11 0.6864583333333333 0.5010416666666667 0.06875 0.18020833333333333
4 0.6072916666666667 0.49166666666666664 0.06979166666666667 0.16979166666666667
15 0.5364583333333334 0.484375 0.06145833333333333 0.17083333333333334
17 0.46458333333333335 0.4875 0.06770833333333333 0.16770833333333332
1 0.32083333333333336 0.4666666666666667 0.06666666666666667 0.15208333333333332
10 0.68125 0.6989583333333333 0.06666666666666667 0.17083333333333334
16 0.4625 0.671875 0.07083333333333333 0.175
14 0.5333333333333333 0.6791666666666667 0.06875 0.16875
3 0.6083333333333333 0.6854166666666667 0.07395833333333333 0.16666666666666666
0 0.315625 0.6520833333333333 0.06666666666666667 0.16458333333333333
8 0.24166666666666667 0.659375 0.07708333333333334 0.171875
9 0.246875 0.4635416666666667 0.06666666666666667 0.165625
13 0.39166666666666666 0.4708333333333333 0.06458333333333334 0.16041666666666668
5 0.35479445625 0.7380022333333333 0.4247488833333334 0.7527064729166667 0.42554873541666666 0.5989118291666667 0.39966052916666667 0.6626883375 0.348809525 0.6535714291666667 0.35479445625 0.7380022333333333
7 0.45729166666666665 0.5635416666666667 0.590625 0.5166666666666667