11 0.3125 0.4708333333333333 0.06875 0.18020833333333333
4 0.38645833333333335 0.46770833333333334 0.06979166666666667 0.16979166666666667
15 0.45729166666666665 0.46041666666666664 0.06145833333333333 0.17083333333333334
17 0.5322916666666667 0.465625 0.06770833333333333 0.16770833333333332
1 0.678125 0.446875 0.06666666666666667 0.15208333333333332
10 0.31354166666666666 0.675 0.06666666666666667 0.17083333333333334
3 0.3854166666666667 0.6625 0.07083333333333333 0.175
16 0.5354166666666667 0.6583333333333333 0.06875 0.16875
12 0.6072916666666667 0.6572916666666667 0.07395833333333333 0.16666666666666666
0 0.6770833333333334 0.6479166666666667 0.06666666666666667 0.16458333333333333
8 0.753125 0.640625 0.07708333333333334 0.171875
9 0.75 0.45 0.06666666666666667 0.165625
13 0.60625 0.446875 0.06458333333333334 0.16041666666666668
5 0.4982891125 0.6552931041666666 0.4228143604166667 0.6536272333333333 0.42672526041666664 0.7486886166666668 0.49676339166666666 0.7413713729166667 0.4982891125 0.6552931041666666
7 0.534375 0.5583333333333333 0.5666666666666667 0.47708333333333336