16 0.43854166666666666 0.35208333333333336 0.071875 0.18020833333333333
0 0.290625 0.3489583333333333 0.06666666666666667 0.17916666666666667
8 0.21770833333333334 0.34375 0.06979166666666667 0.17291666666666666
14 0.5104166666666666 0.35104166666666664 0.065625 0.17291666666666666
11 0.6541666666666667 0.5479166666666667 0.06354166666666666 0.16666666666666666
10 0.6552083333333333 0.35208333333333336 0.07604166666666666 0.17916666666666667
3 0.5822916666666667 0.346875 0.06875 0.16979166666666667
4 0.58125 0.5447916666666667 0.06458333333333334 0.16770833333333332
15 0.5083333333333333 0.5479166666666667 0.06875 0.17083333333333334
17 0.4322916666666667 0.5447916666666667 0.07708333333333334 0.18020833333333333
12 0.36354166666666665 0.3458333333333333 0.06875 0.18020833333333333
13 0.36041666666666666 0.5479166666666667 0.07083333333333333 0.16770833333333332
1 0.2864583333333333 0.5447916666666667 0.075 0.17395833333333333
5 0.17820870416666665 0.5716727125 0.178520275 0.6247209833333333 0.24527064791666667 0.62197963125 0.24323381666666669 0.48083147291666667 0.223809525 0.5517857145833334 0.22682291666666668 0.5544015062500001 0.15316220208333334 0.5547502791666666 0.17820870416666665 0.5716727125
7 0.42604166666666665 0.41458333333333336 0.5760416666666667 0.5291666666666667