10 0.703125 0.6645833333333333 0.06875 0.17916666666666667
9 0.2864583333333333 0.453125 0.075 0.17395833333333333
3 0.640625 0.6583333333333333 0.07291666666666667 0.16770833333333332
16 0.4895833333333333 0.47291666666666665 0.065625 0.16770833333333332
16 0.4979166666666667 0.65 0.06666666666666667 0.171875
13 0.42083333333333334 0.459375 0.07395833333333333 0.1625
1 0.353125 0.46041666666666664 0.071875 0.18020833333333333
14 0.565625 0.659375 0.06458333333333334 0.16666666666666666
4 0.640625 0.46979166666666666 0.07083333333333333 0.171875
11 0.7072916666666667 0.47604166666666664 0.06458333333333334 0.18333333333333332
8 0.28020833333333334 0.6447916666666667 0.07708333333333334 0.1625
0 0.35 0.6458333333333334 0.059375 0.16458333333333333
5 0.37567171041666664 0.7297014520833333 0.4505776708333334 0.7313135541666667 0.45455625833333335 0.6108708458333333 0.44763764791666666 0.65985398125 0.375661375 0.6547619041666667 0.37567171041666664 0.7297014520833333
15 0.5635416666666667 0.465625 0.06458333333333334 0.16875
7 0.4875 0.5447916666666667 0.590625 0.465625