10 0.2833333333333333 0.5770833333333333 0.06875 0.17916666666666667
9 0.70625 0.3958333333333333 0.06666666666666667 0.16145833333333334
4 0.3572916666666667 0.39375 0.075 0.17395833333333333
3 0.35208333333333336 0.578125 0.07291666666666667 0.16770833333333332
15 0.43125 0.3927083333333333 0.065625 0.16770833333333332
16 0.496875 0.5802083333333333 0.06666666666666667 0.171875
17 0.49895833333333334 0.39479166666666665 0.07395833333333333 0.1625
13 0.5708333333333333 0.4 0.071875 0.18020833333333333
12 0.56875 0.58125 0.06875 0.171875
1 0.6354166666666666 0.3958333333333333 0.06458333333333334 0.16666666666666666
8 0.7052083333333333 0.5864583333333333 0.07291666666666667 0.16979166666666667
11 0.2916666666666667 0.396875 0.07083333333333333 0.171875
0 0.6395833333333333 0.578125 0.06041666666666667 0.16041666666666668
5 0.4470899479166667 0.5714285708333333 0.39649470833333333 0.5710565479166667 0.39617952291666664 0.6568622895833334 0.4573722708333333 0.66046626875 0.45633887291666664 0.4842122395833333 0.4470899479166667 0.5714285708333333
7 0.49166666666666664 0.471875 0.5666666666666667 0.49583333333333335