6 0.24166666666666667 0.16666666666666666 0.178125 0.075
6 0.29583333333333334 0.21770833333333334 0.18333333333333332 0.05416666666666667
6 0.14583333333333334 0.40729166666666666 0.19895833333333332 0.10729166666666666
6 0.36770833333333336 0.40729166666666666 0.22708333333333333 0.10208333333333333
6 0.38645833333333335 0.5197916666666667 0.24583333333333332 0.10208333333333333
6 0.6604166666666667 0.534375 0.134375 0.08333333333333333
6 0.8520833333333333 0.5354166666666667 0.18541666666666667 0.08125
6 0.7447916666666666 0.3125 0.40520833333333334 0.078125
6 0.7572916666666667 0.228125 0.3385416666666667 0.08854166666666667
6 0.75625 0.7489583333333333 0.309375 0.08125
6 0.7697916666666667 0.8260416666666667 0.3458333333333333 0.096875
6 0.23854166666666668 0.7166666666666667 0.19895833333333332 0.03854166666666667