2 0.0875 0.6447916666666667 0.1125 0.09270833333333334
2 0.596875 0.30104166666666665 0.15416666666666667 0.04479166666666667
2 0.5885416666666666 0.365625 0.14479166666666668 0.05625
2 0.759375 0.42916666666666664 0.171875 0.05416666666666667
2 0.9125 0.446875 0.16458333333333333 0.065625
2 0.8979166666666667 0.5083333333333333 0.15416666666666667 0.052083333333333336
2 0.7385416666666667 0.4895833333333333 0.14791666666666667 0.06354166666666666
2 0.609375 0.2552083333333333 0.13645833333333332 0.05416666666666667
2 0.9135416666666667 0.27395833333333336 0.14375 0.05
2 0.7625 0.25833333333333336 0.14270833333333333 0.059375
2 0.915625 0.38645833333333335 0.14583333333333334 0.06041666666666667
2 0.41458333333333336 0.5479166666666667 0.15625 0.11666666666666667
2 0.2520833333333333 0.446875 0.14791666666666667 0.10208333333333333