2 0.56875 0.07604166666666666 0.18541666666666667 0.07291666666666667
2 0.37604166666666666 0.04479166666666667 0.16458333333333333 0.05625
2 0.13854166666666667 0.240625 0.20729166666666668 0.08020833333333334
2 0.3489583333333333 0.275 0.18958333333333333 0.0875
2 0.7458333333333333 0.18229166666666666 0.17395833333333333 0.06875
2 0.7583333333333333 0.10104166666666667 0.165625 0.08020833333333334
2 0.5166666666666667 0.453125 0.19270833333333334 0.05416666666666667
2 0.7458333333333333 0.25416666666666665 0.18333333333333332 0.07291666666666667
2 0.896875 0.503125 0.17291666666666666 0.06979166666666667
2 0.10625 0.5489583333333333 0.184375 0.06041666666666667
2 0.3260416666666667 0.34375 0.18958333333333333 0.07083333333333333
2 0.3104166666666667 0.4270833333333333 0.196875 0.07395833333333333
2 0.29791666666666666 0.575 0.196875 0.0625