2 0.7447916666666666 0.3104166666666667 0.146875 0.07083333333333333
2 0.9125 0.3958333333333333 0.11770833333333333 0.0875
2 0.56875 0.31354166666666666 0.13854166666666667 0.10833333333333334
2 0.4166666666666667 0.4479166666666667 0.13125 0.08541666666666667
2 0.2520833333333333 0.178125 0.1375 0.07604166666666666
2 0.39791666666666664 0.18125 0.15520833333333334 0.08645833333333333
2 0.08541666666666667 0.17291666666666666 0.109375 0.06458333333333334
2 0.10833333333333334 0.3260416666666667 0.14375 0.08333333333333333
2 0.2520833333333333 0.31875 0.11666666666666667 0.0625
2 0.4 0.32708333333333334 0.10104166666666667 0.051041666666666666
2 0.575 0.7072916666666667 0.15416666666666667 0.06875
2 0.59375 0.7708333333333334 0.16041666666666668 0.04895833333333333
2 0.9052083333333333 0.7479166666666667 0.14375 0.057291666666666664