2 0.4947916666666667 0.25625 0.12395833333333334 0.08854166666666667
2 0.30416666666666664 0.16041666666666668 0.13020833333333334 0.08958333333333333
2 0.3177083333333333 0.06354166666666666 0.19791666666666666 0.08958333333333333
2 0.1125 0.06354166666666666 0.134375 0.06979166666666667
2 0.878125 0.6520833333333333 0.15208333333333332 0.08020833333333334
2 0.6895833333333333 0.64375 0.159375 0.11354166666666667
2 0.26458333333333334 0.70625 0.16770833333333332 0.08229166666666667
2 0.084375 0.703125 0.16875 0.08541666666666667
2 0.7020833333333333 0.275 0.11979166666666667 0.08541666666666667
2 0.890625 0.2791666666666667 0.13229166666666667 0.06145833333333333
2 0.9020833333333333 0.19375 0.17395833333333333 0.07395833333333333