6 0.25625 0.7645833333333333 0.16979166666666667 0.12916666666666668
6 0.084375 0.5947916666666667 0.15104166666666666 0.09375
6 0.4270833333333333 0.5697916666666667 0.12291666666666666 0.13958333333333334
6 0.58125 0.5833333333333334 0.115625 0.10416666666666667
6 0.9104166666666667 0.571875 0.08854166666666667 0.04791666666666667
6 0.753125 0.5739583333333333 0.09895833333333333 0.078125
6 0.740625 0.7489583333333333 0.12916666666666668 0.11354166666666667
6 0.428125 0.7510416666666667 0.09791666666666667 0.11770833333333333
6 0.8875 0.43125 0.15520833333333334 0.07604166666666666
6 0.6302083333333334 0.43333333333333335 0.12083333333333333 0.053125
6 0.140625 0.4354166666666667 0.18854166666666666 0.06354166666666666
6 0.38333333333333336 0.4427083333333333 0.20104166666666667 0.075