14 0.575177 0.437855 0.0663102 0.174567 0.968689
4 0.640981 0.635027 0.0691704 0.168712 0.963727
7 0.503729 0.533619 0.557207 0.520431 0.93784
9 0.292052 0.611858 0.0613176 0.168555 0.918037
16 0.50537 0.434483 0.0666818 0.178324 0.915203
13 0.429313 0.617767 0.0685569 0.176045 0.912497
12 0.43366 0.432265 0.0682035 0.177484 0.909868
8 0.295984 0.428876 0.0674286 0.17564 0.908269
10 0.717408 0.450984 0.0680743 0.169745 0.906028
15 0.568492 0.63131 0.0649858 0.166678 0.904172
3 0.646301 0.445049 0.0687464 0.170499 0.901649
1 0.359437 0.614244 0.0639502 0.17489 0.897173
17 0.500165 0.623346 0.0683126 0.173181 0.891854
11 0.710805 0.641092 0.0620399 0.16133 0.88318
0 0.365752 0.430055 0.0653942 0.173108 0.765963
