4 0.379296 0.473426 0.0860864 0.227765 0.974799
3 0.380821 0.72624 0.0900253 0.231201 0.954506
11 0.285736 0.47761 0.0829094 0.224673 0.947898
13 0.662924 0.45615 0.0849116 0.227847 0.942775
17 0.568703 0.462798 0.0922567 0.229474 0.916792
1 0.756107 0.451619 0.0885129 0.226604 0.911557
9 0.849938 0.447343 0.0788559 0.229323 0.900622
8 0.863618 0.697529 0.0838773 0.220355 0.886223
14 0.478481 0.722244 0.0842794 0.22973 0.885749
10 0.288169 0.730487 0.0843993 0.221909 0.875626
0 0.768625 0.701445 0.0869328 0.226129 0.870892
12 0.67313 0.706019 0.0885249 0.233666 0.870874
16 0.574116 0.712833 0.0883025 0.231258 0.870673
15 0.474007 0.468329 0.0891013 0.227891 0.864184
