11 0.193105 0.555978 0.070655 0.179732 0.937916
4 0.263571 0.553732 0.0752247 0.177862 0.92199
8 0.636982 0.739254 0.0874804 0.177587 0.904043
13 0.483356 0.559207 0.0741431 0.183327 0.895342
17 0.410961 0.559758 0.0763507 0.187122 0.894571
1 0.557676 0.561443 0.0749105 0.184016 0.891634
0 0.558078 0.752681 0.074248 0.179476 0.891457
15 0.335187 0.558781 0.0764668 0.185375 0.879744
3 0.265664 0.751025 0.0727634 0.194053 0.877394
10 0.193416 0.750659 0.0746785 0.198393 0.867013
12 0.484203 0.752736 0.0743769 0.186269 0.849144
12 0.336959 0.750516 0.07175 0.189241 0.843717
16 0.41043 0.750403 0.0740093 0.192258 0.839855
9 0.636241 0.552534 0.0776923 0.194162 0.831775
