13 0.278368 0.657624 0.0688268 0.188038 0.946576
4 0.496077 0.659719 0.0719652 0.177832 0.944752
8 0.135391 0.472347 0.0637905 0.162639 0.936797
9 0.137289 0.66522 0.0663328 0.183024 0.924828
17 0.351554 0.65805 0.0672382 0.184957 0.922745
15 0.421723 0.659305 0.0705989 0.179726 0.920797
11 0.570412 0.660864 0.069228 0.168384 0.894744
16 0.346972 0.465867 0.0634404 0.172853 0.88844
0 0.203957 0.470597 0.0633469 0.162366 0.881752
10 0.566833 0.462475 0.0757072 0.173552 0.869038
14 0.420188 0.463859 0.0652621 0.16605 0.865749
1 0.206304 0.660489 0.066284 0.183818 0.857974
12 0.273653 0.466224 0.0661029 0.171288 0.851554
3 0.492333 0.461863 0.0691976 0.166969 0.797525
