13 0.649379 0.275659 0.0824187 0.222887 0.948422
4 0.374379 0.272192 0.0836582 0.216147 0.945967
11 0.281585 0.27321 0.0750975 0.216686 0.938767
17 0.558456 0.275059 0.0838805 0.220541 0.927065
12 0.65099 0.517192 0.0824198 0.213036 0.896186
9 0.831854 0.269508 0.0802811 0.207104 0.893829
16 0.556359 0.514742 0.0794298 0.213411 0.891237
1 0.740877 0.275031 0.0823034 0.218767 0.887976
3 0.36752 0.516549 0.0887188 0.211651 0.882886
8 0.841741 0.520048 0.0788807 0.199895 0.870973
14 0.463972 0.5131 0.0822999 0.208504 0.870642
0 0.746651 0.516324 0.0823877 0.20864 0.861528
10 0.275685 0.516792 0.0806438 0.204976 0.856568
15 0.464461 0.273392 0.0867344 0.219627 0.833164
