7 0.50854 0.508605 0.556579 0.527763 0.950125
4 0.646238 0.609946 0.0675636 0.162307 0.943539
13 0.43503 0.585728 0.0664214 0.178422 0.941638
17 0.504536 0.592768 0.0688745 0.172336 0.936599
1 0.365471 0.583321 0.0664082 0.172678 0.930782
8 0.30292 0.396399 0.0640291 0.173693 0.929362
12 0.440508 0.399391 0.0681938 0.173108 0.922772
3 0.651602 0.41609 0.0678808 0.169053 0.92017
9 0.295701 0.580546 0.0625277 0.173895 0.906865
15 0.574249 0.602987 0.0653455 0.166424 0.903512
11 0.712842 0.616178 0.0602679 0.159661 0.89291
10 0.723224 0.424111 0.0679972 0.167639 0.885648
14 0.580028 0.409882 0.0648505 0.167993 0.883077
16 0.511737 0.406323 0.0681448 0.174507 0.869385
0 0.371032 0.39761 0.0663542 0.172077 0.762721
