11 0.555857 0.82057 0.0751287 0.172886 0.945926
10 0.555014 0.615327 0.0743494 0.185592 0.928841
8 0.116865 0.614074 0.0794989 0.189471 0.926604
9 0.112375 0.809034 0.0708171 0.189342 0.924276
16 0.335827 0.614105 0.072064 0.188902 0.92377
15 0.405043 0.810729 0.0727196 0.189857 0.906314
1 0.183269 0.810355 0.070991 0.182519 0.898268
12 0.260833 0.613614 0.0751079 0.186863 0.894838
3 0.48184 0.615719 0.0684855 0.185206 0.888854
0 0.188024 0.61453 0.0661678 0.185939 0.883404
4 0.479862 0.813858 0.0774797 0.176106 0.882582
17 0.330063 0.809483 0.077553 0.19387 0.854854
13 0.257708 0.811265 0.0739967 0.185312 0.853949
14 0.410574 0.614175 0.0708825 0.18656 0.728334
