7 0.512734 0.405491 0.552574 0.517017 0.961351
4 0.649029 0.511795 0.0692846 0.169397 0.953766
15 0.578344 0.506827 0.0647939 0.167177 0.937618
8 0.306403 0.300273 0.0653762 0.182332 0.928797
12 0.444078 0.304934 0.0684439 0.178636 0.922984
16 0.515377 0.310059 0.0697099 0.183838 0.904888
11 0.719234 0.515602 0.0613703 0.165699 0.872491
17 0.509866 0.500296 0.070754 0.172602 0.86276
3 0.657157 0.320613 0.0662448 0.177468 0.848737
9 0.300636 0.488371 0.060717 0.169754 0.846981
10 0.727643 0.326195 0.0697478 0.171964 0.838711
1 0.367403 0.491879 0.0665487 0.170725 0.829797
13 0.438227 0.497477 0.0669252 0.172203 0.811944
14 0.585567 0.314772 0.0693909 0.176125 0.783654
0 0.37402 0.301382 0.0659058 0.178316 0.746952
