9 0.122742 0.716479 0.0762365 0.197126 0.936436
3 0.48518 0.511905 0.073726 0.183617 0.899121
4 0.483126 0.71015 0.0842948 0.191668 0.894664
12 0.262958 0.518345 0.0761845 0.182026 0.889452
10 0.558842 0.513209 0.0706195 0.170766 0.889091
0 0.191884 0.520936 0.0704549 0.177834 0.887393
8 0.122553 0.519659 0.0705983 0.178674 0.884774
15 0.41161 0.709796 0.0798321 0.20621 0.860225
11 0.5622 0.711802 0.0719379 0.170659 0.857468
16 0.337393 0.512857 0.0735349 0.188424 0.851674
17 0.334215 0.710163 0.0818205 0.206514 0.847824
13 0.264702 0.714076 0.0815106 0.200894 0.842459
1 0.194215 0.715274 0.0735506 0.190752 0.818572
14 0.410745 0.512997 0.0743449 0.183101 0.78275
