11 0.259866 0.383678 0.0808798 0.224422 0.962521
4 0.354946 0.376644 0.0916894 0.226783 0.948586
3 0.356219 0.625119 0.0888408 0.229361 0.938509
13 0.634613 0.361076 0.0841441 0.222749 0.935343
12 0.644031 0.606486 0.0893285 0.231285 0.909768
16 0.547228 0.613452 0.0879331 0.232188 0.908398
14 0.451752 0.620057 0.0833641 0.228879 0.906488
17 0.541491 0.365967 0.089121 0.225391 0.906364
9 0.819078 0.350411 0.0791651 0.226841 0.905298
0 0.739244 0.603106 0.0870852 0.22317 0.904447
8 0.833773 0.595262 0.0843395 0.214304 0.904176
1 0.72829 0.356098 0.0847734 0.223191 0.866331
15 0.446911 0.371483 0.0904669 0.2266 0.865186
10 0.26233 0.629618 0.0824408 0.221873 0.84266
