13 0.413332 0.511655 0.0673588 0.176884 0.965089
12 0.408546 0.703501 0.06703 0.181411 0.963687
10 0.128791 0.688752 0.0613048 0.170523 0.950546
14 0.266263 0.692876 0.0654387 0.173494 0.927824
3 0.196556 0.691035 0.0683505 0.173692 0.8983
11 0.128974 0.502091 0.0654743 0.170037 0.897665
1 0.487565 0.51403 0.0658669 0.177407 0.892572
17 0.3397 0.507279 0.0689107 0.176469 0.878795
9 0.561066 0.513569 0.0695671 0.175884 0.875475
16 0.337491 0.698213 0.0674756 0.185192 0.872495
15 0.267848 0.506291 0.0646278 0.17086 0.865303
4 0.199102 0.501515 0.0662241 0.162466 0.820457
8 0.558412 0.711474 0.064674 0.177478 0.817557
0 0.48403 0.709074 0.0689644 0.18079 0.734211
