4 0.403951 0.332716 0.086434 0.222754 0.945002
17 0.590589 0.3343 0.0851226 0.222687 0.931682
3 0.399927 0.582824 0.0893034 0.213637 0.916817
11 0.31009 0.333492 0.0758404 0.218538 0.912039
13 0.685839 0.333412 0.083394 0.224006 0.89138
16 0.588795 0.578529 0.0802597 0.219931 0.878767
14 0.496567 0.577497 0.0802635 0.214198 0.866753
12 0.685484 0.58265 0.0861656 0.215711 0.866331
10 0.304889 0.581259 0.0814885 0.214376 0.865907
1 0.778462 0.334939 0.0829812 0.221128 0.83456
15 0.49764 0.33325 0.0853478 0.221581 0.83098
0 0.78134 0.579865 0.0857254 0.214462 0.817774
9 0.869974 0.328545 0.0780739 0.208953 0.765411
8 0.875481 0.577922 0.0845787 0.204264 0.681046
