4 0.215912 0.443393 0.0749873 0.186245 0.978038
13 0.439527 0.430283 0.0702891 0.186931 0.977451
1 0.513521 0.430995 0.0736309 0.182654 0.960263
11 0.142268 0.445581 0.071128 0.174972 0.952219
10 0.14473 0.629985 0.0705434 0.193283 0.951131
3 0.218442 0.633651 0.0696522 0.184464 0.918949
16 0.369274 0.629515 0.0744422 0.185316 0.916501
9 0.585407 0.424277 0.0647284 0.179784 0.902082
15 0.289742 0.439999 0.0765179 0.191863 0.900128
14 0.292294 0.633214 0.074494 0.180211 0.894947
12 0.440469 0.623343 0.0692214 0.180713 0.865533
17 0.365135 0.436313 0.0792119 0.192923 0.855291
0 0.51553 0.62005 0.0691948 0.180577 0.837886
8 0.587271 0.619404 0.0660123 0.181199 0.802274
