13 0.290709 0.710383 0.0811495 0.199677 0.930233
3 0.52626 0.49496 0.076648 0.186124 0.929335
10 0.604423 0.495954 0.0735748 0.181816 0.921386
16 0.36751 0.501486 0.0822589 0.193226 0.914972
12 0.287866 0.503786 0.0760235 0.190215 0.909044
1 0.210518 0.715784 0.0743139 0.198604 0.890344
4 0.524716 0.699363 0.080376 0.179467 0.887754
11 0.600215 0.696029 0.0704638 0.179613 0.880371
0 0.207367 0.509808 0.0790805 0.189451 0.872868
8 0.12618 0.514577 0.0855837 0.189714 0.870253
17 0.368526 0.701413 0.0790026 0.191962 0.863034
9 0.132688 0.713915 0.0773473 0.189411 0.832702
15 0.446152 0.699745 0.0734512 0.190928 0.70664
14 0.448629 0.498736 0.0713729 0.189439 0.584415
