4 0.174393 0.565141 0.0765064 0.186199 0.960291
8 0.544853 0.743272 0.0894095 0.192005 0.933591
1 0.464675 0.549215 0.0767612 0.186154 0.925855
11 0.103903 0.565814 0.0699989 0.175317 0.909931
17 0.320636 0.558754 0.07519 0.192192 0.892291
13 0.391047 0.552339 0.0764884 0.187126 0.886302
3 0.179985 0.76362 0.0733632 0.199981 0.885876
15 0.247271 0.564691 0.0758429 0.194792 0.826569
9 0.54224 0.545183 0.0805351 0.197351 0.818213
10 0.108943 0.761742 0.0781896 0.201243 0.803274
12 0.250812 0.759658 0.0710493 0.190219 0.754206
0 0.469217 0.747385 0.0664154 0.187532 0.74266
12 0.396831 0.756732 0.0845606 0.197512 0.738397
16 0.320779 0.757454 0.0734847 0.195594 0.731367
