2 0.281522 0.517048 0.30428 0.0986136 0.87241
2 0.314721 0.289498 0.338538 0.217908 0.80298
2 0.929123 0.369834 0.130284 0.0817547 0.751679
2 0.600849 0.339303 0.119567 0.0831907 0.750316
2 0.919066 0.454309 0.142265 0.0878595 0.734145
2 0.596342 0.426183 0.140198 0.0814152 0.731144
2 0.219112 0.598568 0.350784 0.0931175 0.682316
2 0.749811 0.353865 0.168945 0.0930514 0.668028
2 0.767735 0.263776 0.156629 0.0860671 0.598378
2 0.681577 0.548569 0.123546 0.0543816 0.399851
2 0.926368 0.284905 0.13992 0.086632 0.398057
2 0.752527 0.437458 0.151232 0.0712481 0.396729
2 0.564793 0.540367 0.120822 0.0562935 0.310214
