6 0.0863905 0.412336 0.141124 0.117664 0.908749
6 0.580443 0.417755 0.130894 0.107578 0.880823
6 0.251544 0.238662 0.143222 0.124734 0.862316
6 0.741733 0.420934 0.10563 0.0891434 0.831241
6 0.415746 0.415623 0.134143 0.109168 0.825014
6 0.364176 0.560924 0.197557 0.089757 0.824727
6 0.74296 0.250575 0.136782 0.120534 0.807886
6 0.41823 0.247003 0.123312 0.116001 0.790482
6 0.885018 0.563999 0.17847 0.0837042 0.781199
6 0.577965 0.246628 0.136191 0.117649 0.77888
6 0.907652 0.43046 0.0797436 0.0557235 0.757931
6 0.251149 0.391295 0.164012 0.155465 0.755051
6 0.0870553 0.241527 0.155361 0.126475 0.724634
6 0.62454 0.569725 0.143664 0.0712877 0.678803
6 0.89843 0.246393 0.128156 0.118527 0.508716
6 0.113959 0.562477 0.167262 0.0663661 0.500119
