6 0.426786 0.247237 0.155864 0.160125 0.920347
6 0.559919 0.389357 0.285611 0.147504 0.906711
6 0.33474 0.564224 0.134722 0.136596 0.899415
6 0.658391 0.54579 0.157608 0.162702 0.896116
6 0.576224 0.246733 0.159863 0.156689 0.890194
6 0.89967 0.241517 0.173554 0.141654 0.874673
6 0.847506 0.445883 0.303365 0.133837 0.874336
6 0.491722 0.551561 0.213509 0.151634 0.86182
6 0.102032 0.289797 0.19954 0.0770844 0.842327
6 0.856486 0.566815 0.279654 0.118289 0.839915
6 0.343226 0.357 0.190126 0.0774697 0.793497
6 0.203001 0.565161 0.135217 0.131116 0.64758
6 0.107982 0.210205 0.213388 0.0763078 0.63223
6 0.123127 0.378313 0.24342 0.094202 0.622855
6 0.730844 0.208238 0.191914 0.0823231 0.599263
6 0.739938 0.320104 0.192115 0.143227 0.587096
6 0.277594 0.245299 0.165235 0.153952 0.565103
6 0.160732 0.462268 0.318056 0.0767402 0.436933
6 0.0747552 0.561089 0.149286 0.124799 0.344339
