6 0.599115 0.332269 0.137164 0.0663817 0.886147
6 0.441887 0.364612 0.136305 0.065959 0.877063
6 0.368905 0.443395 0.157862 0.0661383 0.833523
6 0.734756 0.752457 0.0618946 0.0444013 0.829717
6 0.543189 0.41213 0.149731 0.0656659 0.818124
6 0.270729 0.396409 0.145714 0.0699378 0.816348
6 0.710064 0.378658 0.136389 0.0645706 0.813541
6 0.502404 0.288375 0.19415 0.0745265 0.809852
6 0.164431 0.303685 0.186922 0.146707 0.793985
6 0.329843 0.278049 0.153958 0.147536 0.76145
6 0.670374 0.753061 0.0591745 0.041987 0.759027
6 0.736939 0.308406 0.111058 0.0521852 0.68275
6 0.418799 0.769678 0.0830498 0.0673148 0.611661
6 0.849882 0.345326 0.140066 0.0670982 0.59273
6 0.80025 0.753942 0.0584963 0.0406143 0.58839
6 0.113753 0.766356 0.0869687 0.0578997 0.569916
6 0.603899 0.753051 0.065966 0.0409774 0.531937
6 0.867433 0.751445 0.0708054 0.0444749 0.490704
6 0.650348 0.267601 0.0700048 0.039566 0.454893
6 0.266764 0.772048 0.0920291 0.0474398 0.365418
6 0.920011 0.899711 0.105586 0.0749583 0.351874
6 0.70662 0.905442 0.076975 0.0779737 0.293551
6 0.541809 0.752907 0.0537376 0.0406456 0.277667
