2 0.259302 0.378618 0.315544 0.299941 0.826555
2 0.782275 0.118007 0.179792 0.081694 0.810287
2 0.228561 0.67529 0.310355 0.200952 0.796177
2 0.697911 0.389173 0.0790119 0.0663185 0.772235
2 0.740629 0.805573 0.103284 0.0850436 0.763698
2 0.776136 0.403181 0.11052 0.119472 0.624716
2 0.757354 0.724806 0.128423 0.0801409 0.613338
2 0.75105 0.73039 0.104199 0.065553 0.438719
2 0.77785 0.390379 0.105612 0.0751842 0.385693
2 0.692641 0.402994 0.0894187 0.100023 0.323874
2 0.666579 0.41219 0.133293 0.0973007 0.259626
