6 0.242362 0.337484 0.0846582 0.0645001 0.833899
6 0.407767 0.370587 0.0806319 0.0568082 0.801866
6 0.518787 0.339047 0.0910014 0.0659898 0.773
6 0.31349 0.263946 0.0864928 0.0613559 0.765841
6 0.62547 0.315927 0.0800413 0.0513451 0.697613
6 0.888577 0.730732 0.0859825 0.0684713 0.655052
6 0.738116 0.73471 0.0921804 0.0494949 0.629027
6 0.571244 0.268703 0.0968169 0.0500586 0.617757
6 0.803654 0.333072 0.0989929 0.0775469 0.5983
6 0.305128 0.395413 0.0909681 0.0522128 0.535941
6 0.58028 0.730841 0.083533 0.0531342 0.526903
6 0.581493 0.391047 0.104665 0.0605425 0.5207
6 0.615655 0.205137 0.0742251 0.0513927 0.47103
6 0.472071 0.421071 0.0544966 0.0347677 0.455367
6 0.364016 0.436651 0.0922607 0.0572501 0.4546
6 0.460632 0.292239 0.0700671 0.0535174 0.418223
6 0.735155 0.291758 0.0976425 0.0516184 0.37224
6 0.37166 0.313126 0.0972191 0.0635348 0.273864
