0 0.763213 0.557484 0.367849 0.265944 0.8518
0 0.280904 0.306363 0.174005 0.195514 0.789057
0 0.330657 0.57921 0.324899 0.077928 0.787432
0 0.775003 0.299173 0.312319 0.12632 0.764417
0 0.657404 0.222837 0.231699 0.0971995 0.762363
0 0.179678 0.398052 0.163038 0.172711 0.698398
0 0.404627 0.789618 0.267611 0.0851564 0.646195
0 0.367549 0.678197 0.316664 0.140926 0.631766
0 0.231241 0.74107 0.249292 0.124535 0.525528
0 0.361951 0.655366 0.301541 0.091663 0.27513
0 0.717544 0.0442981 0.248992 0.0882733 0.27024
