2 0.555808 0.389797 0.281694 0.149686 0.918929
2 0.851589 0.444642 0.291756 0.142367 0.904037
2 0.901718 0.242116 0.159608 0.150028 0.853069
2 0.334009 0.561241 0.135225 0.130157 0.834243
2 0.0996788 0.28856 0.185634 0.0828342 0.788421
2 0.432389 0.247013 0.149803 0.157993 0.759303
2 0.0994678 0.210304 0.193743 0.077202 0.734026
2 0.660229 0.548222 0.148041 0.164642 0.71816
2 0.742828 0.321147 0.176472 0.145468 0.71285
2 0.12327 0.377963 0.23799 0.107493 0.684019
2 0.0739035 0.546015 0.144101 0.0927737 0.651769
2 0.577631 0.245175 0.141588 0.152808 0.538495
2 0.495742 0.547452 0.201328 0.151952 0.519691
2 0.209678 0.563596 0.128487 0.130683 0.484539
2 0.85879 0.563747 0.280545 0.123489 0.359428
2 0.278826 0.245517 0.151923 0.152722 0.325743
2 0.735269 0.209222 0.187209 0.0805219 0.270916
