2 0.419899 0.419534 0.126466 0.107249 0.860802
2 0.587742 0.419303 0.126067 0.0999187 0.833876
2 0.747011 0.251101 0.140405 0.113468 0.830275
2 0.886673 0.568847 0.14685 0.0743036 0.829787
2 0.0883983 0.412652 0.135498 0.100192 0.826207
2 0.256642 0.241214 0.152809 0.114956 0.825328
2 0.744854 0.423158 0.104995 0.0788897 0.793598
2 0.419975 0.249476 0.112236 0.105064 0.770441
2 0.370527 0.558342 0.18536 0.0774717 0.758241
2 0.581834 0.248768 0.144436 0.113095 0.752023
2 0.628761 0.571227 0.123586 0.0626325 0.746376
2 0.120821 0.565527 0.167088 0.0660623 0.74065
2 0.90753 0.431022 0.0794622 0.0500878 0.729588
2 0.255489 0.395388 0.162129 0.142643 0.631533
2 0.908075 0.250164 0.135259 0.112034 0.609682
2 0.0890251 0.240932 0.171749 0.112 0.49451
