2 0.310168 0.264983 0.0796168 0.0568594 0.79682
2 0.248222 0.336516 0.0838654 0.0581647 0.788911
2 0.614214 0.204015 0.0730563 0.0517873 0.744438
2 0.411909 0.371348 0.0881439 0.0586316 0.73827
2 0.626871 0.314316 0.0750353 0.0499112 0.727447
2 0.734604 0.289288 0.0920678 0.0557918 0.726794
2 0.803466 0.331211 0.100824 0.0648597 0.721186
2 0.581467 0.389085 0.110121 0.0593423 0.702751
2 0.299815 0.40072 0.0895978 0.0580093 0.672588
2 0.570076 0.267368 0.0924081 0.0496562 0.663792
2 0.734493 0.734172 0.0843646 0.0539815 0.658237
2 0.519872 0.339148 0.0823227 0.0577225 0.655178
2 0.471229 0.422582 0.0545518 0.035842 0.629907
2 0.886967 0.734587 0.0864596 0.0650625 0.606318
2 0.460877 0.28618 0.0796979 0.0561846 0.584517
2 0.360737 0.317421 0.119533 0.061439 0.554579
2 0.685344 0.364513 0.0962471 0.0471427 0.512413
2 0.581875 0.731364 0.080809 0.0570297 0.500591
2 0.179943 0.288157 0.0985836 0.0581212 0.482644
2 0.364441 0.436398 0.100007 0.0613646 0.448976
2 0.669627 0.248448 0.0480939 0.026626 0.30949
2 0.412548 0.251597 0.0501284 0.0277348 0.303295
2 0.518044 0.226364 0.0854613 0.0349538 0.301397
