2 0.267121 0.395472 0.140448 0.0592931 0.777967
2 0.169435 0.302404 0.151039 0.143788 0.77371
2 0.733638 0.307888 0.0969925 0.0425177 0.761307
2 0.598976 0.333752 0.136377 0.0571058 0.746192
2 0.36619 0.441556 0.14594 0.0634485 0.743179
2 0.441703 0.363359 0.141937 0.0603886 0.734636
2 0.708845 0.375374 0.127001 0.0574814 0.695509
2 0.548061 0.409118 0.1551 0.0668297 0.682669
2 0.79817 0.756262 0.059344 0.0436467 0.668886
2 0.602563 0.755222 0.0646749 0.0524765 0.646126
2 0.734194 0.756235 0.0614607 0.0496854 0.611955
2 0.669596 0.752586 0.0628742 0.0472588 0.60672
2 0.503398 0.282772 0.195285 0.0654954 0.599592
2 0.326803 0.277904 0.128181 0.140359 0.595319
2 0.112777 0.769475 0.0777905 0.0589714 0.574913
2 0.648876 0.267089 0.0621005 0.034859 0.568711
2 0.868188 0.753829 0.0623769 0.0523617 0.552708
2 0.541515 0.754388 0.057017 0.0400942 0.513636
2 0.916959 0.90301 0.081661 0.0653239 0.507284
2 0.265874 0.774975 0.0936366 0.0537257 0.499388
2 0.419273 0.770592 0.0852266 0.0654622 0.480002
2 0.84971 0.345008 0.135279 0.0770247 0.431475
2 0.839559 0.889015 0.0852295 0.0409037 0.363486
2 0.633261 0.905903 0.0777837 0.0701449 0.290092
2 0.768433 0.904576 0.072832 0.0664698 0.268367
