0 0.311917 0.283859 0.344548 0.221369 0.79379
0 0.296711 0.518655 0.310624 0.091109 0.785363
0 0.224885 0.599551 0.344288 0.0982493 0.763625
0 0.918894 0.45552 0.136925 0.0745215 0.682361
0 0.753684 0.352944 0.16665 0.0927807 0.624835
0 0.59376 0.429851 0.137978 0.0760348 0.605147
0 0.927173 0.283229 0.140519 0.100328 0.597114
0 0.76693 0.263739 0.146196 0.0816858 0.586185
0 0.92751 0.369845 0.13028 0.08472 0.546577
0 0.564705 0.539693 0.118702 0.0537739 0.486945
0 0.600781 0.339592 0.129895 0.0909725 0.454264
0 0.749057 0.438526 0.148128 0.0736095 0.276036
