5 0.7238671875 0.23498697916666667 0.71443359375 0.23326822916666667 0.6999267583333334 0.38930989583333336 0.7110986333333333 0.3918033854166667 0.7225 0.23833333333333334 0.7238671875 0.23498697916666667
5 0.6100537104166667 0.27368489583333333 0.6163134770833333 0.39677734375 0.6236572270833334 0.39677734375 0.6275 0.25166666666666665 0.6100537104166667 0.27368489583333333
5 0.5198486333333333 0.3878971354166667 0.525 0.38833333333333336 0.5260400395833333 0.2652213541666667 0.5198486333333333 0.3878971354166667
5 0.3215869145833333 0.26852864583333336 0.3477490229166667 0.3944270833333333 0.34125 0.27666666666666667 0.3215869145833333 0.26852864583333336
5 0.79955078125 0.6026497395833333 0.8006689458333334 0.49350911458333335 0.8352978520833333 0.4598307291666667 0.7412548833333333 0.4649283854166667 0.7053466791666666 0.43939453125 0.7124707020833333 0.6017447916666666 0.79955078125 0.6026497395833333
5 0.6118994145833334 0.45522786458333336 0.6180566395833333 0.6106380208333333 0.7067187500000001 0.6038411458333334 0.7000292979166667 0.44147135416666666 0.7245751958333333 0.41395182291666666 0.7229345708333333 0.41217447916666666 0.6359375 0.4188411458333333 0.6118994145833334 0.45522786458333336
5 0.53029296875 0.5033984375 0.5270214833333333 0.61037109375 0.6111132812500001 0.6059960937500001 0.6075439458333334 0.49611328125000004 0.6104589833333333 0.47526692708333335 0.5246923833333333 0.47526692708333335 0.53029296875 0.5033984375
5 0.4343359375 0.6039192708333334 0.5199316395833333 0.6033984375 0.5180517583333333 0.5153190104166667 0.51837890625 0.4890950520833333 0.4451904291666667 0.49779947916666667 0.41750000000000004 0.48500000000000004 0.4463964833333333 0.5020572916666667 0.4343359375 0.6039192708333334
5 0.34645019583333336 0.5125065104166667 0.34522949166666667 0.6073958333333334 0.4323681645833333 0.6130794270833333 0.42939453125 0.51013671875 0.405 0.4716666666666667 0.32489257708333336 0.47561197916666664 0.34645019583333336 0.5125065104166667
5 0.2600537104166667 0.5212369791666667 0.2514550770833333 0.6121158854166667 0.33614257708333334 0.5986458333333334 0.34066894583333335 0.5259440104166667 0.3145800770833333 0.4853971354166667 0.22874999999999998 0.48666666666666664 0.2600537104166667 0.5212369791666667
5 0.16073730416666668 0.6197330729166667 0.24515625 0.6155143229166666 0.246484375 0.505859375 0.18970214791666665 0.49947916666666664 0.105 0.5016666666666667 0.16974121041666665 0.5207877604166666 0.16073730416666668 0.6197330729166667