5 0.4767578125 0.304765625 0.5791276041666666 0.30870117291666666 0.5266666666666667 0.24000000000000002 0.5520833333333334 0.29174804791666664 0.4775260416666667 0.282109375 0.4767578125 0.304765625
5 0.5609384562499999 0.3553823583333333 0.5067849541666667 0.32395398750000004 0.5102075479166667 0.29865011875 0.4716103354166667 0.3112293291666666 0.47056206874999995 0.30733370416666667 0.4570132104166667 0.34444630833333334 0.5609384562499999 0.3553823583333333
5 0.4883668916666667 0.36710067916666667 0.4883668916666667 0.34793703958333333 0.49670061875 0.3263519 0.45990642708333335 0.3465769125 0.4360740645833333 0.38984939583333333 0.4821139770833333 0.39251461666666665 0.4883668916666667 0.36710067916666667
5 0.4993814375 0.37396417291666667 0.478030975 0.3935759875 0.43827542708333334 0.38840278749999996 0.42115721666666667 0.42822385208333336 0.4712067520833333 0.4324693354166667 0.48232362916666666 0.41366341458333333 0.4993814375 0.37396417291666667
5 0.48503864375 0.4941231916666667 0.4582239583333333 0.46835939583333336 0.4821663895833333 0.4192297166666667 0.4672390604166667 0.4383383229166667 0.42131969999999996 0.434737525 0.42374119791666665 0.42746516875 0.4021992979166667 0.48097791666666667 0.48503864375 0.4941231916666667
5 0.41711614583333334 0.5464251916666666 0.44034575625 0.4847241625 0.5304076624999999 0.5430445291666667 0.5300827 0.5220529708333334 0.4659916208333333 0.47092241041666666 0.40153365 0.4839851333333333 0.3772610125 0.5362674791666666 0.41711614583333334 0.5464251916666666
5 0.5293279479166667 0.6371134395833333 0.4225828625 0.5492358583333333 0.38041105833333333 0.5472939437500001 0.3508027395833333 0.61023716875 0.5293279479166667 0.6371134395833333
5 0.7195885104166667 0.3464393270833333 0.7219156645833333 0.31249118125 0.6618761395833332 0.30281305000000003 0.6884654458333334 0.25933615416666667 0.63431194375 0.32326213125 0.7195885104166667 0.3464393270833333
5 0.6614987625000001 0.2797616479166667 0.6181581416666667 0.33830214999999997 0.7210456020833333 0.3477797979166667 0.65449109375 0.318265825 0.6614987625000001 0.2797616479166667
5 0.6655241104166667 0.33812918541666664 0.667966575 0.3665464083333333 0.7226494520833333 0.37913348125 0.7187970687499999 0.34376624375000003 0.6655241104166667 0.33812918541666664
5 0.7085450125 0.3941381208333333 0.7168053604166666 0.4207352895833333 0.72688969375 0.4207352895833333 0.7263393541666667 0.3759100583333333 0.6647798416666666 0.3698877625 0.6613677291666666 0.34582608958333333 0.6614987625000001 0.34819255416666667 0.6618499333333333 0.37454206875 0.6165804979166667 0.4110571604166667 0.66705458125 0.4110571604166667 0.7085450125 0.3941381208333333
5 0.7134875937499999 0.44048858125 0.694498225 0.45062270833333334 0.694498225 0.46608727499999997 0.7340283958333333 0.4682414645833333 0.7298720145833334 0.42461518958333333 0.7159397750000001 0.42417852916666665 0.7134875937499999 0.44048858125
5 0.6691668395833333 0.5140415854166667 0.7307630416666666 0.5224421395833333 0.7272461041666667 0.47096565 0.6919928666666666 0.44790638541666666 0.6980099229166666 0.49390305624999997 0.5873285916666667 0.5557849104166667 0.6691668395833333 0.5140415854166667
5 0.7406115166666667 0.5905821520833333 0.7211871187500001 0.5281774729166666 0.7208936041666667 0.5978073375 0.5640098791666667 0.6385482562499999 0.7405119312499999 0.66314454375 0.7406115166666667 0.5905821520833333