10 0.38125 0.6270833333333333 0.10104166666666667 0.057291666666666664
11 0.509375 0.628125 0.10833333333333334 0.04895833333333333
3 0.378125 0.575 0.10625 0.04791666666666667
4 0.5072916666666667 0.578125 0.11875 0.04375
14 0.37604166666666666 0.521875 0.11145833333333334 0.04479166666666667
15 0.5041666666666667 0.525 0.115625 0.046875
16 0.375 0.47291666666666665 0.10833333333333334 0.051041666666666666
17 0.49895833333333334 0.47604166666666664 0.11979166666666667 0.04583333333333333
12 0.37395833333333334 0.42083333333333334 0.10104166666666667 0.04895833333333333
13 0.5020833333333333 0.41875 0.109375 0.041666666666666664
0 0.3729166666666667 0.36666666666666664 0.09895833333333333 0.03854166666666667
1 0.5 0.3697916666666667 0.11145833333333334 0.03854166666666667
8 0.37604166666666666 0.315625 0.103125 0.04583333333333333
9 0.5 0.31875 0.10729166666666666 0.04375