10 0.3458333333333333 0.24270833333333333 0.2375 0.11145833333333334
11 0.6072916666666667 0.225 0.21979166666666666 0.10625
3 0.34479166666666666 0.35208333333333336 0.22291666666666668 0.09895833333333333
4 0.6135416666666667 0.3302083333333333 0.21770833333333334 0.10625
14 0.35 0.46041666666666664 0.21979166666666666 0.096875
15 0.61875 0.4510416666666667 0.19895833333333332 0.08958333333333333
16 0.34270833333333334 0.546875 0.21979166666666666 0.0875
17 0.61875 0.5541666666666667 0.246875 0.1
12 0.3541666666666667 0.6427083333333333 0.20208333333333334 0.11458333333333333
13 0.6239583333333333 0.671875 0.21354166666666666 0.08854166666666667
0 0.3489583333333333 0.7739583333333333 0.19375 0.084375
1 0.6270833333333333 0.775 0.20104166666666667 0.1
8 0.34791666666666665 0.875 0.21770833333333334 0.09270833333333334
9 0.6239583333333333 0.8895833333333333 0.22395833333333334 0.08645833333333333