10 0.37083333333333335 0.690625 0.16875 0.06979166666666667
11 0.5510416666666667 0.6947916666666667 0.1625 0.06875
3 0.371875 0.6114583333333333 0.16354166666666667 0.08333333333333333
4 0.55625 0.615625 0.15833333333333333 0.07083333333333333
14 0.375 0.534375 0.165625 0.07083333333333333
15 0.553125 0.540625 0.14895833333333333 0.07708333333333334
16 0.378125 0.459375 0.16458333333333333 0.07083333333333333
17 0.5552083333333333 0.46458333333333335 0.15 0.06770833333333333
12 0.38333333333333336 0.3875 0.15729166666666666 0.06979166666666667
13 0.5583333333333333 0.39375 0.14791666666666667 0.06458333333333334
0 0.38125 0.31875 0.15625 0.06770833333333333
1 0.5552083333333333 0.32083333333333336 0.15625 0.06666666666666667
8 0.38229166666666664 0.2520833333333333 0.15520833333333334 0.06666666666666667
9 0.5583333333333333 0.2552083333333333 0.15520833333333334 0.05625