4 0.6260416666666667 0.6135416666666667 0.06354166666666666 0.171875
15 0.55625 0.6208333333333333 0.059375 0.1625
17 0.48541666666666666 0.6135416666666667 0.06666666666666667 0.1625
13 0.41041666666666665 0.6114583333333333 0.07395833333333333 0.16354166666666667
1 0.340625 0.6083333333333333 0.065625 0.16458333333333333
3 0.6291666666666667 0.43020833333333336 0.06979166666666667 0.16458333333333333
14 0.55625 0.43020833333333336 0.07604166666666666 0.16875
16 0.4895833333333333 0.42916666666666664 0.06354166666666666 0.18020833333333333
12 0.41354166666666664 0.42291666666666666 0.06770833333333333 0.18125
0 0.34375 0.41354166666666664 0.065625 0.165625
8 0.26979166666666665 0.415625 0.06979166666666667 0.16354166666666667
5 0.30514219583333335 0.6876782604166666 0.30462032916666665 0.5327845979166667 0.28198888125 0.6212720104166666 0.22222222291666668 0.6210317458333333 0.24252335416666665 0.6307198666666667 0.2466827875 0.6898949041666668 0.30514219583333335 0.6876782604166666
5 0.7312541333333333 0.5163690479166667 0.731776 0.3484468 0.66931216875 0.34920635 0.6664289854166667 0.35578652083333334 0.6653749166666666 0.5145011770833333 0.7312541333333333 0.5163690479166667
6 0.6854166666666667 0.41354166666666664 0.034375 0.11666666666666667
6 0.7052083333333333 0.4 0.035416666666666666 0.07083333333333333
2 0.8333333333333334 0.771875 0.3333333333333333 0.45625
2 0.121875 0.6145833333333334 0.24166666666666667 0.76875
7 0.48333333333333334 0.5166666666666667 0.5677083333333334 0.48125