10 0.728125 0.478125 0.071875 0.203125
11 0.15833333333333333 0.5 0.08125 0.19166666666666668
4 0.24895833333333334 0.49375 0.08020833333333334 0.21770833333333334
15 0.3416666666666667 0.496875 0.08958333333333333 0.23020833333333332
17 0.43854166666666666 0.49895833333333334 0.08645833333333333 0.234375
13 0.5375 0.49583333333333335 0.084375 0.225
1 0.6333333333333333 0.4895833333333333 0.07916666666666666 0.225
9 0.16770833333333332 0.7447916666666666 0.07395833333333333 0.21770833333333334
8 0.7197916666666667 0.7291666666666666 0.08125 0.20104166666666667
0 0.6375 0.7375 0.075 0.196875
12 0.5395833333333333 0.7364583333333333 0.084375 0.19791666666666666
16 0.44166666666666665 0.7385416666666667 0.08645833333333333 0.21666666666666667
14 0.3489583333333333 0.7354166666666667 0.084375 0.215625
3 0.25416666666666665 0.7427083333333333 0.09166666666666666 0.215625