11 0.7 0.6354166666666666 0.06875 0.17916666666666667
10 0.7104166666666667 0.45 0.06666666666666667 0.16145833333333334
4 0.6302083333333334 0.6333333333333333 0.075 0.17395833333333333
3 0.6395833333333333 0.4427083333333333 0.07291666666666667 0.16770833333333332
15 0.55625 0.6291666666666667 0.065625 0.16770833333333332
14 0.5677083333333334 0.4354166666666667 0.06458333333333334 0.18020833333333333
16 0.49895833333333334 0.43333333333333335 0.06666666666666667 0.171875
17 0.4875 0.6166666666666667 0.07395833333333333 0.1625
13 0.4166666666666667 0.6104166666666667 0.071875 0.18020833333333333
12 0.43020833333333336 0.425 0.06875 0.171875
1 0.35104166666666664 0.6135416666666667 0.06458333333333334 0.16666666666666666
8 0.28958333333333336 0.42604166666666665 0.07291666666666667 0.16979166666666667
9 0.28125 0.6114583333333333 0.07083333333333333 0.171875
5 0.33468191875000003 0.3473229791666667 0.3344959083333333 0.43781001875 0.32142857083333337 0.45238095208333334 0.37302620625 0.45610118958333334 0.3980086395833334 0.5007440479166667 0.39287781041666664 0.3513687375 0.33468191875000003 0.3473229791666667
6 0.353125 0.40208333333333335 0.03125 0.06666666666666667
7 0.5010416666666667 0.521875 0.54375 0.484375