11 0.7208333333333333 0.5166666666666667 0.057291666666666664 0.16354166666666667
4 0.6479166666666667 0.5145833333333333 0.07083333333333333 0.16458333333333333
15 0.5802083333333333 0.5145833333333333 0.06041666666666667 0.16770833333333332
17 0.5114583333333333 0.5041666666666667 0.08125 0.17083333333333334
13 0.440625 0.5 0.06458333333333334 0.171875
1 0.36770833333333336 0.49895833333333334 0.065625 0.17604166666666668
9 0.3 0.4947916666666667 0.06041666666666667 0.16770833333333332
10 0.7260416666666667 0.334375 0.06666666666666667 0.17291666666666666
3 0.6604166666666667 0.3302083333333333 0.06041666666666667 0.17604166666666668
14 0.5864583333333333 0.321875 0.065625 0.17604166666666668
16 0.515625 0.3177083333333333 0.07083333333333333 0.17083333333333334
12 0.4427083333333333 0.3125 0.06979166666666667 0.17604166666666668
0 0.371875 0.30104166666666665 0.0625 0.16979166666666667
8 0.303125 0.30625 0.06458333333333334 0.18020833333333333
7 0.5135416666666667 0.41041666666666665 0.5291666666666667 0.44375