11 0.2875 0.40520833333333334 0.057291666666666664 0.16354166666666667
4 0.3572916666666667 0.403125 0.07083333333333333 0.16458333333333333
15 0.428125 0.4041666666666667 0.06041666666666667 0.16770833333333332
17 0.5010416666666667 0.409375 0.075 0.17708333333333334
13 0.5677083333333334 0.4166666666666667 0.06458333333333334 0.171875
1 0.6354166666666666 0.42604166666666665 0.065625 0.17604166666666668
9 0.7041666666666667 0.41770833333333335 0.06041666666666667 0.16770833333333332
10 0.2791666666666667 0.5885416666666666 0.06666666666666667 0.17291666666666666
3 0.35 0.5958333333333333 0.06041666666666667 0.17604166666666668
14 0.4239583333333333 0.6010416666666667 0.065625 0.17604166666666668
16 0.49375 0.603125 0.07083333333333333 0.17083333333333334
12 0.5645833333333333 0.609375 0.06979166666666667 0.17604166666666668
0 0.6375 0.603125 0.0625 0.16979166666666667
8 0.7020833333333333 0.6010416666666667 0.06458333333333334 0.18020833333333333
7 0.490625 0.5010416666666667 0.5708333333333333 0.4895833333333333