10 0.296875 0.6645833333333333 0.06875 0.17916666666666667
9 0.7135416666666666 0.453125 0.075 0.17395833333333333
3 0.359375 0.6583333333333333 0.07291666666666667 0.16770833333333332
16 0.5104166666666666 0.47291666666666665 0.065625 0.16770833333333332
16 0.5083333333333333 0.65 0.06666666666666667 0.171875
13 0.5791666666666667 0.459375 0.07395833333333333 0.1625
1 0.646875 0.46041666666666664 0.071875 0.18020833333333333
8 0.7270833333333333 0.6416666666666667 0.06458333333333334 0.16666666666666666
4 0.359375 0.46979166666666666 0.07083333333333333 0.171875
11 0.29270833333333335 0.47604166666666664 0.06458333333333334 0.18333333333333332
0 0.653125 0.6520833333333333 0.07708333333333334 0.1625
12 0.584375 0.646875 0.059375 0.16458333333333333
15 0.43645833333333334 0.465625 0.06458333333333334 0.16875
5 0.46407386666666667 0.6509796625 0.40250909375 0.6512431791666666 0.40996507083333333 0.7357313375000001 0.47083746666666665 0.73446800625 0.4759734625 0.6482049854166667 0.46407386666666667 0.6509796625
7 0.5020833333333333 0.55625 0.5666666666666667 0.46979166666666666