11 0.7145833333333333 0.646875 0.057291666666666664 0.16354166666666667
4 0.64375 0.6395833333333333 0.07083333333333333 0.16458333333333333
15 0.5729166666666666 0.6364583333333333 0.06041666666666667 0.16770833333333332
17 0.49895833333333334 0.6239583333333333 0.075 0.17708333333333334
13 0.4270833333333333 0.61875 0.06458333333333334 0.171875
1 0.359375 0.6145833333333334 0.065625 0.17604166666666668
9 0.29270833333333335 0.6104166666666667 0.06041666666666667 0.16770833333333332
10 0.721875 0.459375 0.06666666666666667 0.17291666666666666
3 0.646875 0.4479166666666667 0.06041666666666667 0.17604166666666668
14 0.578125 0.44479166666666664 0.065625 0.17604166666666668
16 0.50625 0.44166666666666665 0.07083333333333333 0.17083333333333334
12 0.4322916666666667 0.43333333333333335 0.06979166666666667 0.17604166666666668
0 0.3625 0.43125 0.0625 0.16979166666666667
8 0.29791666666666666 0.4375 0.06458333333333334 0.18020833333333333
7 0.496875 0.5625 0.5572916666666666 0.565625