11 0.7083333333333334 0.38958333333333334 0.06875 0.17916666666666667
14 0.5614583333333333 0.5833333333333334 0.06666666666666667 0.16145833333333334
4 0.6333333333333333 0.39895833333333336 0.075 0.17395833333333333
3 0.6395833333333333 0.5739583333333333 0.07291666666666667 0.16770833333333332
15 0.5614583333333333 0.3885416666666667 0.065625 0.16770833333333332
16 0.49895833333333334 0.5895833333333333 0.06666666666666667 0.171875
17 0.4875 0.4041666666666667 0.07395833333333333 0.1625
13 0.41875 0.4010416666666667 0.071875 0.18020833333333333
12 0.43020833333333336 0.5875 0.06875 0.171875
1 0.35520833333333335 0.40520833333333334 0.06458333333333334 0.16666666666666666
8 0.28958333333333336 0.6104166666666667 0.07291666666666667 0.16979166666666667
9 0.284375 0.41354166666666664 0.07083333333333333 0.171875
0 0.35833333333333334 0.603125 0.06041666666666667 0.16041666666666668
5 0.6757554145833333 0.49825613750000003 0.6852471895833333 0.6529870416666667 0.749596975 0.6473369291666666 0.7517051083333333 0.5862785229166666 0.7730964791666667 0.56453838125 0.6984126979166666 0.5674603166666666 0.6757554145833333 0.49825613750000003
7 0.5052083333333334 0.4947916666666667 0.5791666666666667 0.5135416666666667