11 0.7125 0.6354166666666666 0.05416666666666667 0.15833333333333333
15 0.571875 0.634375 0.059375 0.159375
17 0.503125 0.625 0.06354166666666666 0.16666666666666666
13 0.43125 0.6364583333333333 0.071875 0.17395833333333333
3 0.6479166666666667 0.44375 0.06979166666666667 0.16354166666666667
14 0.5854166666666667 0.446875 0.065625 0.16458333333333333
12 0.43854166666666666 0.4375 0.07083333333333333 0.16770833333333332
0 0.36354166666666665 0.428125 0.07083333333333333 0.165625
8 0.29583333333333334 0.43125 0.06458333333333334 0.16666666666666666
1 0.3614583333333333 0.6208333333333333 0.06041666666666667 0.15104166666666666
5 0.6745153354166666 0.70791480625 0.6732907562499999 0.6689608145833332 0.6823123354166667 0.6529327875 0.6216931208333333 0.65079365 0.6070446833333333 0.59169611875 0.6206493875 0.7064809645833333 0.6745153354166666 0.70791480625
5 0.47740472083333335 0.3556547625 0.47128182916666667 0.5146794395833333 0.48544973541666664 0.42063492083333337 0.5351820854166667 0.4242544020833333 0.5486886166666667 0.5169890875 0.5476448833333334 0.36101810625 0.47740472083333335 0.3556547625
10 0.7208333333333333 0.4479166666666667 0.057291666666666664 0.17291666666666666
9 0.29375 0.6166666666666667 0.058333333333333334 0.16979166666666667
7 0.49583333333333335 0.5302083333333333 0.5625 0.47708333333333336