10 0.721875 0.48020833333333335 0.090625 0.19166666666666668
11 0.7239583333333334 0.23854166666666668 0.09791666666666667 0.19791666666666666
3 0.628125 0.4739583333333333 0.08229166666666667 0.21041666666666667
4 0.63125 0.23020833333333332 0.08854166666666667 0.19375
14 0.5364583333333334 0.4635416666666667 0.07916666666666666 0.19791666666666666
15 0.5427083333333333 0.22395833333333334 0.09166666666666666 0.20625
16 0.43854166666666666 0.45416666666666666 0.08333333333333333 0.21145833333333333
17 0.44583333333333336 0.21979166666666666 0.09166666666666666 0.20729166666666668
12 0.340625 0.4583333333333333 0.09166666666666666 0.20416666666666666
13 0.3572916666666667 0.21666666666666667 0.08229166666666667 0.2125
0 0.253125 0.44895833333333335 0.09479166666666666 0.20416666666666666
1 0.26458333333333334 0.20104166666666667 0.0875 0.19166666666666668
8 0.15625 0.43333333333333335 0.0875 0.20729166666666668
9 0.175 0.2 0.07916666666666666 0.21354166666666666