11 0.7145833333333333 0.38645833333333335 0.057291666666666664 0.16354166666666667
4 0.6447916666666667 0.396875 0.07083333333333333 0.16458333333333333
15 0.575 0.39375 0.06041666666666667 0.16770833333333332
17 0.509375 0.403125 0.075 0.17708333333333334
13 0.434375 0.415625 0.06458333333333334 0.171875
1 0.36354166666666665 0.42083333333333334 0.065625 0.17604166666666668
9 0.29791666666666666 0.41875 0.06041666666666667 0.16770833333333332
10 0.7197916666666667 0.5708333333333333 0.06666666666666667 0.17291666666666666
3 0.646875 0.584375 0.06041666666666667 0.17604166666666668
14 0.5760416666666667 0.5822916666666667 0.065625 0.17604166666666668
12 0.4322916666666667 0.590625 0.06979166666666667 0.17604166666666668
0 0.36354166666666665 0.5979166666666667 0.0625 0.16979166666666667
8 0.3 0.5989583333333334 0.06458333333333334 0.18020833333333333
16 0.5072916666666667 0.590625 0.06770833333333333 0.16770833333333332
7 0.5041666666666667 0.5 0.5614583333333333 0.5479166666666667