11 0.5489583333333333 0.8041666666666667 0.07083333333333333 0.165625
4 0.4822916666666667 0.7958333333333333 0.08229166666666667 0.17395833333333333
15 0.3958333333333333 0.8104166666666667 0.07395833333333333 0.1875
17 0.32083333333333336 0.8114583333333333 0.075 0.18854166666666666
13 0.2552083333333333 0.8041666666666667 0.078125 0.17916666666666667
1 0.18645833333333334 0.809375 0.06354166666666666 0.175
9 0.1125 0.8072916666666666 0.078125 0.19166666666666668
10 0.5510416666666667 0.609375 0.07395833333333333 0.18333333333333332
3 0.475 0.5989583333333334 0.065625 0.18333333333333332
14 0.39895833333333336 0.6114583333333333 0.07083333333333333 0.17916666666666667
16 0.3260416666666667 0.6072916666666667 0.06875 0.190625
12 0.25416666666666665 0.6072916666666667 0.06875 0.18125
0 0.17291666666666666 0.5958333333333333 0.06458333333333334 0.18333333333333332
8 0.11770833333333333 0.609375 0.078125 0.2