11 0.5645833333333333 0.3072916666666667 0.07083333333333333 0.18229166666666666
4 0.49270833333333336 0.3 0.08020833333333334 0.178125
15 0.4166666666666667 0.29791666666666666 0.078125 0.175
17 0.34270833333333334 0.290625 0.071875 0.17604166666666668
13 0.2708333333333333 0.28541666666666665 0.06875 0.17395833333333333
1 0.19479166666666667 0.2875 0.071875 0.175
9 0.121875 0.2833333333333333 0.06979166666666667 0.171875
10 0.5583333333333333 0.496875 0.06875 0.17916666666666667
3 0.48854166666666665 0.49583333333333335 0.07604166666666666 0.171875
14 0.4125 0.49270833333333336 0.06770833333333333 0.16458333333333333
16 0.33958333333333335 0.48125 0.07395833333333333 0.17916666666666667
12 0.265625 0.484375 0.07395833333333333 0.184375
0 0.19270833333333334 0.478125 0.07083333333333333 0.18125
8 0.11666666666666667 0.46979166666666666 0.07395833333333333 0.18541666666666667