10 0.2625 0.6197916666666666 0.06875 0.17916666666666667
15 0.409375 0.4427083333333333 0.06666666666666667 0.16145833333333334
9 0.6875 0.4552083333333333 0.075 0.17395833333333333
3 0.33958333333333335 0.6239583333333333 0.07291666666666667 0.16770833333333332
16 0.471875 0.4395833333333333 0.065625 0.16770833333333332
16 0.471875 0.6302083333333334 0.06666666666666667 0.171875
13 0.5395833333333333 0.4510416666666667 0.07395833333333333 0.1625
1 0.6145833333333334 0.46145833333333336 0.071875 0.18020833333333333
12 0.5427083333333333 0.6364583333333333 0.06875 0.171875
14 0.40729166666666666 0.6260416666666667 0.06458333333333334 0.16666666666666666
8 0.684375 0.64375 0.07291666666666667 0.16979166666666667
4 0.33645833333333336 0.44375 0.07083333333333333 0.171875
0 0.6166666666666667 0.646875 0.06041666666666667 0.16041666666666668
5 0.22690352083333334 0.43181113541666666 0.28303778125 0.42840866875 0.29645130625 0.5068901916666666 0.2923383770833333 0.35755363333333334 0.233455275 0.35290333541666663 0.22690352083333334 0.43181113541666666
7 0.47604166666666664 0.5208333333333334 0.5489583333333333 0.5416666666666666