11 0.43854166666666666 0.2916666666666667 0.07291666666666667 0.17604166666666668
10 0.440625 0.48854166666666665 0.07083333333333333 0.17291666666666666
3 0.5135416666666667 0.4895833333333333 0.075 0.190625
14 0.5927083333333333 0.490625 0.07604166666666666 0.175
16 0.6604166666666667 0.49166666666666664 0.071875 0.18541666666666667
12 0.7364583333333333 0.48020833333333335 0.08229166666666667 0.1875
0 0.8052083333333333 0.47604166666666664 0.06770833333333333 0.18020833333333333
8 0.878125 0.48541666666666666 0.075 0.17916666666666667
9 0.8760416666666667 0.2864583333333333 0.07916666666666666 0.19375
1 0.8020833333333334 0.27708333333333335 0.071875 0.19895833333333332
13 0.740625 0.2833333333333333 0.08333333333333333 0.19583333333333333
17 0.665625 0.29375 0.07395833333333333 0.20520833333333333
15 0.5958333333333333 0.296875 0.07708333333333334 0.21145833333333333
4 0.5145833333333333 0.2916666666666667 0.08020833333333334 0.20625