10 0.27291666666666664 0.46979166666666666 0.071875 0.203125
11 0.28125 0.725 0.08125 0.19166666666666668
4 0.3729166666666667 0.7291666666666666 0.08020833333333334 0.21770833333333334
15 0.4635416666666667 0.7197916666666667 0.08958333333333333 0.23020833333333332
17 0.5572916666666666 0.71875 0.08541666666666667 0.21875
13 0.6479166666666667 0.7270833333333333 0.084375 0.225
1 0.365625 0.47604166666666664 0.07916666666666666 0.225
9 0.8354166666666667 0.7208333333333333 0.07395833333333333 0.21770833333333334
8 0.8385416666666666 0.478125 0.08125 0.20104166666666667
0 0.7520833333333333 0.471875 0.075 0.196875
12 0.6614583333333334 0.47291666666666665 0.084375 0.19791666666666666
16 0.5572916666666666 0.4739583333333333 0.08645833333333333 0.21666666666666667
14 0.45208333333333334 0.47604166666666664 0.084375 0.215625
3 0.7447916666666666 0.728125 0.09166666666666666 0.215625