10 0.75 0.38229166666666664 0.06875 0.17916666666666667
9 0.31354166666666666 0.540625 0.06666666666666667 0.16145833333333334
4 0.6583333333333333 0.5708333333333333 0.075 0.17395833333333333
3 0.6770833333333334 0.37604166666666666 0.07291666666666667 0.16770833333333332
15 0.5916666666666667 0.5645833333333333 0.065625 0.16770833333333332
16 0.5395833333333333 0.36770833333333336 0.06666666666666667 0.171875
17 0.528125 0.559375 0.07395833333333333 0.1625
1 0.3854166666666667 0.5385416666666667 0.071875 0.18020833333333333
12 0.4666666666666667 0.35625 0.06875 0.171875
14 0.6072916666666667 0.371875 0.06458333333333334 0.16666666666666666
8 0.328125 0.35 0.07291666666666667 0.16979166666666667
11 0.7364583333333333 0.571875 0.07083333333333333 0.171875
0 0.39895833333333336 0.3572916666666667 0.06041666666666667 0.16041666666666668
5 0.48582175833333335 0.6279529395833333 0.4853670625 0.46875 0.47540509166666667 0.5279637895833333 0.4195963541666667 0.5218253979166667 0.42979600625000003 0.5429532479166668 0.4254660625 0.6301385791666667 0.48582175833333335 0.6279529395833333
7 0.525 0.49166666666666664 0.5604166666666667 0.5625