11 0.3 0.6354166666666666 0.06875 0.17916666666666667
10 0.28958333333333336 0.45 0.06666666666666667 0.16145833333333334
4 0.3697916666666667 0.6333333333333333 0.075 0.17395833333333333
3 0.36041666666666666 0.4427083333333333 0.07291666666666667 0.16770833333333332
15 0.44375 0.6291666666666667 0.065625 0.16770833333333332
14 0.4322916666666667 0.4354166666666667 0.06458333333333334 0.18020833333333333
16 0.5010416666666667 0.43333333333333335 0.06666666666666667 0.171875
17 0.5125 0.6166666666666667 0.07395833333333333 0.1625
13 0.5833333333333334 0.6104166666666667 0.071875 0.18020833333333333
12 0.5697916666666667 0.425 0.06875 0.171875
1 0.6489583333333333 0.6135416666666667 0.06458333333333334 0.16666666666666666
8 0.7104166666666667 0.42604166666666665 0.07291666666666667 0.16979166666666667
9 0.71875 0.6114583333333333 0.07083333333333333 0.171875
5 0.6655040916666667 0.43781001875 0.66531808125 0.3473229791666667 0.6071221895833333 0.3513687375 0.6019913604166667 0.5007440479166667 0.6269737937500001 0.45610118958333334 0.6785714291666667 0.45238095208333334 0.6655040916666667 0.43781001875
6 0.646875 0.40208333333333335 0.03125 0.06666666666666667
7 0.5104166666666666 0.5239583333333333 0.5520833333333334 0.465625