9 0.278125 0.5791666666666667 0.06666666666666667 0.18125
8 0.2864583333333333 0.396875 0.07604166666666666 0.1625
0 0.3572916666666667 0.40208333333333335 0.06041666666666667 0.17708333333333334
1 0.3458333333333333 0.5875 0.0625 0.17604166666666668
13 0.41458333333333336 0.6052083333333333 0.07083333333333333 0.18229166666666666
12 0.4239583333333333 0.421875 0.06979166666666667 0.16458333333333333
16 0.5 0.428125 0.07395833333333333 0.1625
17 0.484375 0.6125 0.065625 0.17291666666666666
14 0.565625 0.43333333333333335 0.06875 0.16875
11 0.6947916666666667 0.63125 0.059375 0.171875
10 0.7104166666666667 0.44895833333333335 0.06354166666666666 0.16770833333333332
3 0.6354166666666666 0.4427083333333333 0.07083333333333333 0.171875
4 0.6270833333333333 0.6260416666666667 0.065625 0.17604166666666668
15 0.5572916666666666 0.6208333333333333 0.06666666666666667 0.18541666666666667