10 0.26875 0.5229166666666667 0.071875 0.203125
11 0.28020833333333334 0.271875 0.08125 0.19166666666666668
4 0.37083333333333335 0.271875 0.08020833333333334 0.21770833333333334
15 0.465625 0.27708333333333335 0.08958333333333333 0.23020833333333332
17 0.5572916666666666 0.271875 0.08541666666666667 0.21875
13 0.6541666666666667 0.28125 0.084375 0.225
1 0.7416666666666667 0.2791666666666667 0.07916666666666666 0.225
9 0.8364583333333333 0.26979166666666665 0.07395833333333333 0.21770833333333334
8 0.840625 0.5135416666666667 0.08125 0.20104166666666667
0 0.746875 0.5239583333333333 0.075 0.196875
12 0.653125 0.5270833333333333 0.084375 0.19791666666666666
16 0.5635416666666667 0.5208333333333334 0.08645833333333333 0.21666666666666667
14 0.46458333333333335 0.5166666666666667 0.084375 0.215625
3 0.3645833333333333 0.5125 0.09166666666666666 0.215625