11 0.44166666666666665 0.81875 0.07083333333333333 0.165625
4 0.5177083333333333 0.8166666666666667 0.08229166666666667 0.17395833333333333
15 0.5947916666666667 0.8104166666666667 0.07395833333333333 0.1875
17 0.66875 0.8083333333333333 0.075 0.18854166666666666
13 0.74375 0.8104166666666667 0.078125 0.17916666666666667
1 0.8166666666666667 0.8083333333333333 0.06354166666666666 0.175
9 0.8864583333333333 0.8083333333333333 0.078125 0.19166666666666668
10 0.440625 0.615625 0.07395833333333333 0.18333333333333332
3 0.5177083333333333 0.615625 0.065625 0.18333333333333332
14 0.5916666666666667 0.6114583333333333 0.07083333333333333 0.17916666666666667
16 0.665625 0.6104166666666667 0.06458333333333334 0.20104166666666667
12 0.7395833333333334 0.60625 0.06875 0.18125
0 0.8114583333333333 0.6114583333333333 0.06458333333333334 0.18333333333333332
8 0.8864583333333333 0.6166666666666667 0.078125 0.2