11 0.28541666666666665 0.353125 0.057291666666666664 0.16354166666666667
4 0.35625 0.36041666666666666 0.07083333333333333 0.16458333333333333
15 0.4270833333333333 0.36354166666666665 0.06041666666666667 0.16770833333333332
17 0.5010416666666667 0.37604166666666666 0.075 0.17708333333333334
13 0.5729166666666666 0.38125 0.06458333333333334 0.171875
1 0.640625 0.3854166666666667 0.065625 0.17604166666666668
9 0.7072916666666667 0.38958333333333334 0.06041666666666667 0.16770833333333332
10 0.284375 0.5447916666666667 0.06666666666666667 0.17291666666666666
3 0.353125 0.5520833333333334 0.06041666666666667 0.17604166666666668
14 0.421875 0.5552083333333333 0.065625 0.17604166666666668
12 0.5677083333333334 0.5666666666666667 0.06979166666666667 0.17604166666666668
0 0.6375 0.56875 0.0625 0.16979166666666667
8 0.7020833333333333 0.5625 0.06458333333333334 0.18020833333333333
5 0.5271939062500001 0.6460270958333333 0.52758143125 0.5474097854166666 0.46296296249999996 0.5456349208333333 0.46191922916666667 0.63983445 0.5271939062500001 0.6460270958333333
7 0.5020833333333333 0.45208333333333334 0.5489583333333333 0.6114583333333333