10 0.6927083333333334 0.6416666666666667 0.06979166666666667 0.171875
9 0.2791666666666667 0.4510416666666667 0.075 0.17395833333333333
14 0.5552083333333333 0.6375 0.07291666666666667 0.16770833333333332
3 0.625 0.6416666666666667 0.065625 0.16770833333333332
16 0.4822916666666667 0.6354166666666666 0.06666666666666667 0.171875
13 0.4197916666666667 0.45729166666666665 0.075 0.184375
1 0.35208333333333336 0.453125 0.071875 0.18020833333333333
8 0.2708333333333333 0.6322916666666667 0.06458333333333334 0.16666666666666666
4 0.625 0.4583333333333333 0.07083333333333333 0.171875
11 0.6875 0.4583333333333333 0.06458333333333334 0.18333333333333332
0 0.3385416666666667 0.6333333333333333 0.07708333333333334 0.1625
12 0.4083333333333333 0.6385416666666667 0.059375 0.16458333333333333
15 0.5552083333333333 0.45 0.06458333333333334 0.16875
17 0.48333333333333334 0.45 0.065625 0.171875
7 0.48125 0.5260416666666666 0.55 0.4395833333333333