10 0.7177083333333333 0.428125 0.06875 0.17916666666666667
14 0.5614583333333333 0.4166666666666667 0.06666666666666667 0.16145833333333334
4 0.6333333333333333 0.6010416666666667 0.075 0.17395833333333333
3 0.6395833333333333 0.42604166666666665 0.07291666666666667 0.16770833333333332
15 0.5614583333333333 0.6114583333333333 0.065625 0.16770833333333332
16 0.49895833333333334 0.41041666666666665 0.06666666666666667 0.171875
17 0.4875 0.5958333333333333 0.07395833333333333 0.1625
13 0.41875 0.5989583333333334 0.071875 0.18020833333333333
12 0.43020833333333336 0.4125 0.06875 0.171875
1 0.35520833333333335 0.5947916666666667 0.06458333333333334 0.16666666666666666
8 0.28958333333333336 0.38958333333333334 0.07291666666666667 0.16979166666666667
9 0.284375 0.5864583333333333 0.07083333333333333 0.171875
0 0.35833333333333334 0.396875 0.06041666666666667 0.16041666666666668
5 0.7449363416666667 0.6919720354166666 0.7457475604166667 0.6298750625 0.7658936833333333 0.6116691479166666 0.6891534395833333 0.6210317458333333 0.6742001479166666 0.52969215 0.6732287541666667 0.69207279375 0.7449363416666667 0.6919720354166666
7 0.50625 0.4864583333333333 0.5458333333333333 0.5041666666666667