10 0.7322916666666667 0.6166666666666667 0.06875 0.17916666666666667
15 0.590625 0.4427083333333333 0.06666666666666667 0.16145833333333334
9 0.3125 0.4552083333333333 0.075 0.17395833333333333
3 0.6604166666666667 0.6239583333333333 0.07291666666666667 0.16770833333333332
16 0.528125 0.4395833333333333 0.065625 0.16770833333333332
16 0.528125 0.6302083333333334 0.06666666666666667 0.171875
13 0.46041666666666664 0.4510416666666667 0.07395833333333333 0.1625
1 0.3854166666666667 0.46145833333333336 0.071875 0.18020833333333333
12 0.45729166666666665 0.6364583333333333 0.06875 0.171875
14 0.5927083333333333 0.6260416666666667 0.06458333333333334 0.16666666666666666
8 0.309375 0.6458333333333334 0.07291666666666667 0.16979166666666667
11 0.7322916666666667 0.43854166666666666 0.07083333333333333 0.171875
0 0.38333333333333336 0.646875 0.06041666666666667 0.16041666666666668
5 0.6912047375 0.35901072708333337 0.6323216354166666 0.36366102499999997 0.62820870625 0.5129975812500001 0.6416222312500001 0.43451605833333334 0.6977564895833334 0.43791852708333334 0.6912047375 0.35901072708333337
7 0.5177083333333333 0.528125 0.5677083333333334 0.48020833333333335