11 0.7104166666666667 0.3416666666666667 0.05416666666666667 0.15833333333333333
15 0.5666666666666667 0.3541666666666667 0.059375 0.159375
17 0.5020833333333333 0.35625 0.06354166666666666 0.16666666666666666
13 0.43125 0.36354166666666665 0.071875 0.17395833333333333
3 0.6614583333333334 0.5416666666666666 0.06979166666666667 0.16354166666666667
14 0.5875 0.5416666666666666 0.065625 0.16458333333333333
16 0.5177083333333333 0.5479166666666667 0.06458333333333334 0.165625
12 0.4479166666666667 0.553125 0.07083333333333333 0.16770833333333332
0 0.375 0.5541666666666667 0.07083333333333333 0.165625
8 0.303125 0.559375 0.06458333333333334 0.16666666666666666
5 0.6926669979166667 0.4716021833333333 0.70107886875 0.6140407979166667 0.7554770166666667 0.61082434375 0.7551359958333334 0.5385199645833333 0.7701667895833334 0.51768663125 0.7129629625 0.52579365 0.6926669979166667 0.4716021833333333
5 0.3290602270833333 0.29641772083333334 0.25369440416666666 0.30262586874999997 0.25547185 0.36919487916666666 0.23290240625 0.3867575020833333 0.29761904791666666 0.37301587291666666 0.32940641458333336 0.44053819375000003 0.3290602270833333 0.29641772083333334
4 0.6427083333333333 0.346875 0.06666666666666667 0.16041666666666668
1 0.36770833333333336 0.36354166666666665 0.06041666666666667 0.15104166666666666
7 0.49895833333333334 0.453125 0.5729166666666666 0.509375