8 0.7125 0.6020833333333333 0.07083333333333333 0.17604166666666668
12 0.575 0.5864583333333333 0.06770833333333333 0.18020833333333333
16 0.5 0.584375 0.06458333333333334 0.17291666666666666
14 0.43333333333333335 0.5604166666666667 0.06770833333333333 0.165625
10 0.29583333333333334 0.5458333333333333 0.06979166666666667 0.17708333333333334
9 0.7239583333333334 0.4125 0.06666666666666667 0.17291666666666666
1 0.653125 0.409375 0.065625 0.16875
13 0.5854166666666667 0.403125 0.06145833333333333 0.16875
17 0.5166666666666667 0.39166666666666666 0.06041666666666667 0.15729166666666666
15 0.453125 0.378125 0.06354166666666666 0.16354166666666667
4 0.375 0.365625 0.06666666666666667 0.16145833333333334
11 0.30520833333333336 0.36041666666666666 0.06458333333333334 0.159375
0 0.640625 0.59375 0.06145833333333333 0.1625
3 0.36354166666666665 0.5604166666666667 0.06145833333333333 0.17083333333333334
2 0.209375 0.8072916666666666 0.41875 0.3854166666666667
7 0.503125 0.46145833333333336 0.5770833333333333 0.48125