11 0.7125 0.5947916666666667 0.057291666666666664 0.16354166666666667
4 0.6427083333333333 0.596875 0.07083333333333333 0.16458333333333333
15 0.571875 0.5958333333333333 0.06041666666666667 0.16770833333333332
17 0.49895833333333334 0.590625 0.075 0.17708333333333334
13 0.4322916666666667 0.5833333333333334 0.06458333333333334 0.171875
1 0.3645833333333333 0.5739583333333333 0.065625 0.17604166666666668
9 0.29583333333333334 0.5822916666666667 0.06041666666666667 0.16770833333333332
10 0.7208333333333333 0.4114583333333333 0.06666666666666667 0.17291666666666666
3 0.65 0.4041666666666667 0.06041666666666667 0.17604166666666668
14 0.5760416666666667 0.39895833333333336 0.065625 0.17604166666666668
16 0.50625 0.396875 0.07083333333333333 0.17083333333333334
12 0.4354166666666667 0.390625 0.06979166666666667 0.17604166666666668
0 0.3625 0.396875 0.0625 0.16979166666666667
8 0.29791666666666666 0.39895833333333336 0.06458333333333334 0.18020833333333333
7 0.5041666666666667 0.5020833333333333 0.5729166666666666 0.48125