10 0.28229166666666666 0.571875 0.06875 0.17916666666666667
14 0.43854166666666666 0.5833333333333334 0.06666666666666667 0.16145833333333334
4 0.36666666666666664 0.39895833333333336 0.075 0.17395833333333333
3 0.36041666666666666 0.5739583333333333 0.07291666666666667 0.16770833333333332
15 0.43854166666666666 0.3885416666666667 0.065625 0.16770833333333332
16 0.5010416666666667 0.5895833333333333 0.06666666666666667 0.171875
17 0.5125 0.4041666666666667 0.07395833333333333 0.1625
13 0.58125 0.4010416666666667 0.071875 0.18020833333333333
12 0.5697916666666667 0.5875 0.06875 0.171875
1 0.6447916666666667 0.40520833333333334 0.06458333333333334 0.16666666666666666
8 0.7104166666666667 0.6104166666666667 0.07291666666666667 0.16979166666666667
9 0.715625 0.41354166666666664 0.07083333333333333 0.171875
0 0.6416666666666667 0.603125 0.06041666666666667 0.16041666666666668
5 0.25506365833333333 0.3080279645833333 0.2542524395833333 0.3701249375 0.23410631666666668 0.38833085208333334 0.31084656041666664 0.3789682541666667 0.32579985208333334 0.47030785 0.32677124583333333 0.30792720625 0.25506365833333333 0.3080279645833333
7 0.49375 0.5135416666666667 0.5458333333333333 0.5041666666666667