11 0.4166666666666667 0.6291666666666667 0.06979166666666667 0.16666666666666666
4 0.49375 0.6385416666666667 0.06770833333333333 0.165625
15 0.5645833333333333 0.6322916666666667 0.07291666666666667 0.17916666666666667
17 0.634375 0.634375 0.065625 0.18645833333333334
13 0.7041666666666667 0.6364583333333333 0.06875 0.18333333333333332
1 0.771875 0.6385416666666667 0.06041666666666667 0.17604166666666668
9 0.8385416666666666 0.6447916666666667 0.06354166666666666 0.17604166666666668
8 0.8427083333333333 0.44583333333333336 0.06666666666666667 0.17083333333333334
0 0.7760416666666666 0.4479166666666667 0.06354166666666666 0.16458333333333333
12 0.70625 0.45 0.0625 0.17395833333333333
16 0.6364583333333333 0.44583333333333336 0.06458333333333334 0.17291666666666666
14 0.5677083333333334 0.4427083333333333 0.06458333333333334 0.159375
3 0.49375 0.446875 0.06770833333333333 0.16979166666666667
10 0.41354166666666664 0.43854166666666666 0.08020833333333334 0.16666666666666666