9 0.725 0.39375 0.08229166666666667 0.22083333333333333
8 0.7208333333333333 0.6479166666666667 0.09479166666666666 0.246875
1 0.634375 0.40729166666666666 0.08645833333333333 0.22708333333333333
0 0.625 0.6520833333333333 0.09270833333333334 0.23958333333333334
13 0.5427083333333333 0.3927083333333333 0.0875 0.22916666666666666
12 0.5291666666666667 0.6447916666666667 0.09166666666666666 0.23541666666666666
17 0.44895833333333335 0.39375 0.08333333333333333 0.22291666666666668
16 0.4427083333333333 0.6364583333333333 0.09583333333333334 0.23541666666666666
14 0.34479166666666666 0.3927083333333333 0.09166666666666666 0.23958333333333334
15 0.3458333333333333 0.6354166666666666 0.09270833333333334 0.22604166666666667
4 0.2520833333333333 0.3958333333333333 0.08854166666666667 0.2375
3 0.25416666666666665 0.640625 0.090625 0.240625
10 0.16041666666666668 0.63125 0.08229166666666667 0.21875
11 0.15520833333333334 0.38125 0.08854166666666667 0.23645833333333333