11 0.7125 0.3645833333333333 0.05416666666666667 0.15833333333333333
15 0.571875 0.365625 0.059375 0.159375
17 0.503125 0.375 0.06354166666666666 0.16666666666666666
13 0.43125 0.36354166666666665 0.071875 0.17395833333333333
3 0.6479166666666667 0.55625 0.06979166666666667 0.16354166666666667
14 0.5854166666666667 0.553125 0.065625 0.16458333333333333
12 0.43854166666666666 0.5625 0.07083333333333333 0.16770833333333332
0 0.36354166666666665 0.571875 0.07083333333333333 0.165625
8 0.29583333333333334 0.56875 0.06458333333333334 0.16666666666666666
1 0.3614583333333333 0.37916666666666665 0.06041666666666667 0.15104166666666666
5 0.6732907562499999 0.33103918541666666 0.6745153354166666 0.29208519375 0.6206493875 0.2935190354166667 0.6070446833333333 0.40830388125 0.6216931208333333 0.34920635 0.6823123354166667 0.3470672125 0.6732907562499999 0.33103918541666666
5 0.47128182916666667 0.48532056041666666 0.47740472083333335 0.6443452375 0.5476448833333334 0.63898189375 0.5486886166666667 0.4830109125 0.5351820854166667 0.5757455979166667 0.48544973541666664 0.5793650791666667 0.47128182916666667 0.48532056041666666
10 0.7208333333333333 0.5520833333333334 0.057291666666666664 0.17291666666666666
9 0.29375 0.38333333333333336 0.058333333333333334 0.16979166666666667
7 0.49583333333333335 0.46979166666666666 0.5625 0.47708333333333336