11 0.28541666666666665 0.609375 0.057291666666666664 0.16354166666666667
4 0.3541666666666667 0.609375 0.07083333333333333 0.16458333333333333
15 0.42916666666666664 0.5864583333333333 0.06041666666666667 0.16770833333333332
17 0.5010416666666667 0.5822916666666667 0.075 0.17708333333333334
13 0.5677083333333334 0.571875 0.06458333333333334 0.171875
1 0.640625 0.575 0.065625 0.17604166666666668
9 0.7041666666666667 0.5770833333333333 0.06041666666666667 0.16770833333333332
10 0.27291666666666664 0.41770833333333335 0.06666666666666667 0.17291666666666666
3 0.35 0.40729166666666666 0.06041666666666667 0.17604166666666668
14 0.425 0.40625 0.065625 0.17604166666666668
16 0.49375 0.4041666666666667 0.07083333333333333 0.17083333333333334
12 0.565625 0.4 0.06979166666666667 0.17604166666666668
0 0.6375 0.40208333333333335 0.0625 0.16979166666666667
8 0.7041666666666667 0.390625 0.06458333333333334 0.18020833333333333
7 0.4979166666666667 0.4864583333333333 0.5354166666666667 0.5052083333333334