8 0.5604166666666667 0.29270833333333335 0.06145833333333333 0.18020833333333333
0 0.48541666666666666 0.290625 0.06770833333333333 0.18541666666666667
12 0.4125 0.3 0.057291666666666664 0.18125
16 0.3416666666666667 0.3072916666666667 0.071875 0.19479166666666667
14 0.271875 0.30833333333333335 0.06145833333333333 0.17708333333333334
3 0.19895833333333332 0.31145833333333334 0.06979166666666667 0.17916666666666667
10 0.12916666666666668 0.30625 0.06458333333333334 0.165625
11 0.13020833333333334 0.5010416666666667 0.06770833333333333 0.171875
4 0.2 0.5 0.05625 0.15520833333333334
15 0.26875 0.49583333333333335 0.06458333333333334 0.16458333333333333
17 0.34270833333333334 0.49270833333333336 0.06875 0.16875
13 0.41458333333333336 0.49166666666666664 0.071875 0.17604166666666668
1 0.4875 0.49166666666666664 0.0625 0.17916666666666667
9 0.5604166666666667 0.4864583333333333 0.07083333333333333 0.16979166666666667