10 0.7385416666666667 0.359375 0.06875 0.17916666666666667
9 0.31354166666666666 0.540625 0.06666666666666667 0.16145833333333334
4 0.6572916666666667 0.5489583333333333 0.075 0.17395833333333333
3 0.6635416666666667 0.35208333333333336 0.07291666666666667 0.16770833333333332
15 0.5864583333333333 0.5552083333333333 0.065625 0.16770833333333332
16 0.5208333333333334 0.35625 0.06666666666666667 0.171875
17 0.515625 0.5510416666666667 0.07395833333333333 0.1625
13 0.45 0.5416666666666666 0.071875 0.18020833333333333
12 0.44895833333333335 0.3541666666666667 0.06875 0.171875
14 0.5927083333333333 0.35520833333333335 0.06458333333333334 0.16666666666666666
8 0.31666666666666665 0.34270833333333334 0.07291666666666667 0.16979166666666667
11 0.7333333333333333 0.5479166666666667 0.07083333333333333 0.171875
0 0.375 0.35520833333333335 0.06041666666666667 0.16041666666666668
5 0.41278625208333336 0.6279529395833333 0.41233155625 0.46875 0.4023695854166667 0.5279637895833333 0.34656084583333335 0.5218253979166667 0.3567605 0.5429532479166668 0.35243055624999997 0.6301385791666667 0.41278625208333336 0.6279529395833333
7 0.5197916666666667 0.4864583333333333 0.5541666666666667 0.55625