11 0.3 0.3645833333333333 0.06875 0.17916666666666667
10 0.28958333333333336 0.55 0.06666666666666667 0.16145833333333334
4 0.3697916666666667 0.36666666666666664 0.075 0.17395833333333333
3 0.36041666666666666 0.5572916666666666 0.07291666666666667 0.16770833333333332
15 0.44375 0.37083333333333335 0.065625 0.16770833333333332
14 0.4322916666666667 0.5645833333333333 0.06458333333333334 0.18020833333333333
16 0.5010416666666667 0.5666666666666667 0.06666666666666667 0.171875
17 0.5125 0.38333333333333336 0.07395833333333333 0.1625
13 0.5833333333333334 0.38958333333333334 0.071875 0.18020833333333333
12 0.5697916666666667 0.575 0.06875 0.171875
0 0.6395833333333333 0.571875 0.06770833333333333 0.17395833333333333
1 0.6489583333333333 0.38645833333333335 0.06458333333333334 0.16666666666666666
8 0.7104166666666667 0.5739583333333333 0.07291666666666667 0.16979166666666667
9 0.71875 0.3885416666666667 0.07083333333333333 0.171875
7 0.49895833333333334 0.48541666666666666 0.5604166666666667 0.49375