10 0.8510416666666667 0.7270833333333333 0.071875 0.203125
11 0.88125 0.48125 0.07916666666666666 0.23333333333333334
4 0.7927083333333333 0.459375 0.08541666666666667 0.23125
15 0.6989583333333333 0.440625 0.08958333333333333 0.23020833333333332
17 0.603125 0.42916666666666664 0.08645833333333333 0.234375
13 0.5083333333333333 0.41458333333333336 0.084375 0.225
1 0.4166666666666667 0.4041666666666667 0.06979166666666667 0.225
9 0.31875 0.38229166666666664 0.08020833333333334 0.22916666666666666
8 0.3 0.6364583333333333 0.08125 0.20104166666666667
0 0.4 0.6552083333333333 0.075 0.196875
12 0.4947916666666667 0.6697916666666667 0.084375 0.19791666666666666
16 0.58125 0.6708333333333333 0.08645833333333333 0.21666666666666667
14 0.675 0.6875 0.084375 0.215625
3 0.765625 0.709375 0.09166666666666666 0.215625