10 0.8864583333333333 0.3489583333333333 0.071875 0.203125
11 0.8875 0.5854166666666667 0.07916666666666666 0.23333333333333334
4 0.7958333333333333 0.5864583333333333 0.08541666666666667 0.23125
15 0.7 0.596875 0.08958333333333333 0.23020833333333332
17 0.6041666666666666 0.5927083333333333 0.08645833333333333 0.234375
13 0.5083333333333333 0.5854166666666667 0.084375 0.225
1 0.41354166666666664 0.5822916666666667 0.07916666666666666 0.225
9 0.3177083333333333 0.5833333333333334 0.08020833333333334 0.22916666666666666
8 0.32395833333333335 0.34479166666666666 0.08125 0.20104166666666667
0 0.4166666666666667 0.33958333333333335 0.075 0.196875
12 0.4947916666666667 0.3302083333333333 0.084375 0.19791666666666666
16 0.603125 0.346875 0.08645833333333333 0.21666666666666667
14 0.69375 0.35 0.084375 0.215625
3 0.7885416666666667 0.3458333333333333 0.09166666666666666 0.215625