11 0.7208333333333333 0.50625 0.057291666666666664 0.16354166666666667
4 0.6489583333333333 0.5083333333333333 0.07083333333333333 0.16458333333333333
15 0.5760416666666667 0.50625 0.06041666666666667 0.16770833333333332
17 0.50625 0.49583333333333335 0.075 0.17708333333333334
13 0.4354166666666667 0.48541666666666666 0.06458333333333334 0.171875
1 0.3645833333333333 0.48020833333333335 0.065625 0.17604166666666668
9 0.29791666666666666 0.475 0.06041666666666667 0.16770833333333332
10 0.7270833333333333 0.315625 0.06666666666666667 0.17291666666666666
3 0.6572916666666667 0.309375 0.06041666666666667 0.17604166666666668
14 0.5875 0.30833333333333335 0.065625 0.17604166666666668
16 0.5177083333333333 0.303125 0.07083333333333333 0.17083333333333334
12 0.43854166666666666 0.3020833333333333 0.06979166666666667 0.17604166666666668
0 0.375 0.28958333333333336 0.0625 0.16979166666666667
8 0.309375 0.29583333333333334 0.06458333333333334 0.18020833333333333
7 0.5145833333333333 0.40520833333333334 0.546875 0.49166666666666664