10 0.8645833333333334 0.29375 0.071875 0.203125
11 0.878125 0.5364583333333334 0.07916666666666666 0.23333333333333334
4 0.7875 0.5447916666666667 0.08541666666666667 0.23125
15 0.6854166666666667 0.5479166666666667 0.08958333333333333 0.23020833333333332
17 0.5895833333333333 0.5489583333333333 0.08645833333333333 0.234375
13 0.49375 0.5645833333333333 0.084375 0.225
1 0.4 0.56875 0.07916666666666666 0.225
9 0.3125 0.5729166666666666 0.08020833333333334 0.22916666666666666
8 0.309375 0.328125 0.08125 0.20104166666666667
0 0.40208333333333335 0.3145833333333333 0.075 0.196875
12 0.48854166666666665 0.3229166666666667 0.084375 0.19791666666666666
16 0.5833333333333334 0.3072916666666667 0.08645833333333333 0.21666666666666667
14 0.6875 0.30104166666666665 0.084375 0.215625
3 0.7739583333333333 0.29375 0.09166666666666666 0.215625