10 0.2677083333333333 0.6166666666666667 0.06875 0.17916666666666667
15 0.409375 0.4427083333333333 0.06666666666666667 0.16145833333333334
9 0.6875 0.4552083333333333 0.075 0.17395833333333333
3 0.33958333333333335 0.6239583333333333 0.07291666666666667 0.16770833333333332
16 0.471875 0.4395833333333333 0.065625 0.16770833333333332
16 0.471875 0.6302083333333334 0.06666666666666667 0.171875
13 0.5395833333333333 0.4510416666666667 0.07395833333333333 0.1625
1 0.6145833333333334 0.46145833333333336 0.071875 0.18020833333333333
12 0.5427083333333333 0.6364583333333333 0.06875 0.171875
14 0.40729166666666666 0.6260416666666667 0.06458333333333334 0.16666666666666666
8 0.690625 0.6458333333333334 0.07291666666666667 0.16979166666666667
11 0.2677083333333333 0.43854166666666666 0.07083333333333333 0.171875
0 0.6166666666666667 0.646875 0.06041666666666667 0.16041666666666668
5 0.3022435104166667 0.43791852708333334 0.35837776875 0.43451605833333334 0.37179129375000003 0.5129975812500001 0.3676783645833333 0.36366102499999997 0.3087952625 0.35901072708333337 0.3022435104166667 0.43791852708333334
7 0.48125 0.5291666666666667 0.54375 0.5135416666666667