11 0.30416666666666664 0.37395833333333334 0.058333333333333334 0.15833333333333333
15 0.44583333333333336 0.38645833333333335 0.059375 0.159375
17 0.5135416666666667 0.3875 0.06354166666666666 0.16666666666666666
13 0.5885416666666666 0.39166666666666666 0.071875 0.17395833333333333
3 0.3697916666666667 0.5666666666666667 0.06979166666666667 0.16354166666666667
14 0.4375 0.5791666666666667 0.065625 0.16458333333333333
12 0.58125 0.5739583333333333 0.07083333333333333 0.16770833333333332
0 0.6510416666666666 0.5708333333333333 0.07083333333333333 0.165625
8 0.7208333333333333 0.5760416666666667 0.06458333333333334 0.16666666666666666
1 0.6541666666666667 0.3875 0.06041666666666667 0.15104166666666666
16 0.5114583333333333 0.575 0.06145833333333333 0.16875
4 0.3697916666666667 0.3770833333333333 0.06770833333333333 0.175
6 0.31145833333333334 0.5822916666666667 0.0375 0.06875
5 0.33370018958333336 0.648042225 0.33442357083333335 0.48503379166666666 0.3121693125 0.5416666666666666 0.24491050833333333 0.5425889749999999 0.26409556875 0.55261811875 0.26484995 0.6512121770833333 0.33370018958333336 0.648042225
5 0.690744875 0.46768043125 0.7117963541666666 0.3779864416666667 0.7847067208333333 0.3832620291666667 0.7596261166666667 0.36280071875 0.7582671958333334 0.31534443125 0.688662575 0.31183345625 0.690744875 0.46768043125
7 0.515625 0.4583333333333333 0.571875 0.5822916666666667