10 0.703125 0.33541666666666664 0.06875 0.17916666666666667
9 0.2864583333333333 0.546875 0.075 0.17395833333333333
3 0.640625 0.3416666666666667 0.07291666666666667 0.16770833333333332
16 0.4895833333333333 0.5270833333333333 0.065625 0.16770833333333332
16 0.49166666666666664 0.35 0.06666666666666667 0.171875
13 0.42083333333333334 0.540625 0.07395833333333333 0.1625
1 0.353125 0.5395833333333333 0.071875 0.18020833333333333
8 0.27291666666666664 0.35833333333333334 0.06458333333333334 0.16666666666666666
4 0.640625 0.5302083333333333 0.07083333333333333 0.171875
11 0.7072916666666667 0.5239583333333333 0.06458333333333334 0.18333333333333332
0 0.346875 0.34791666666666665 0.07708333333333334 0.1625
12 0.415625 0.353125 0.059375 0.16458333333333333
15 0.5635416666666667 0.534375 0.06458333333333334 0.16875
5 0.5240265375 0.35179501458333334 0.5359261333333334 0.3490203375 0.59749090625 0.34875682083333337 0.5900349291666667 0.2642686625 0.5291625333333333 0.26553199375000003 0.5240265375 0.35179501458333334
7 0.4979166666666667 0.44375 0.5666666666666667 0.46979166666666666