10 0.18020833333333333 0.6802083333333333 0.071875 0.203125
11 0.19270833333333334 0.428125 0.08125 0.19166666666666668
4 0.28125 0.4270833333333333 0.08020833333333334 0.21770833333333334
15 0.38333333333333336 0.44479166666666664 0.08958333333333333 0.23020833333333332
17 0.46875 0.4354166666666667 0.08541666666666667 0.21875
13 0.5760416666666667 0.43020833333333336 0.084375 0.225
1 0.6708333333333333 0.45208333333333334 0.07916666666666666 0.225
9 0.765625 0.44583333333333336 0.07395833333333333 0.21770833333333334
8 0.7479166666666667 0.7125 0.08125 0.20104166666666667
0 0.6520833333333333 0.7020833333333333 0.075 0.196875
12 0.553125 0.6958333333333333 0.084375 0.19791666666666666
16 0.475 0.6895833333333333 0.08645833333333333 0.21666666666666667
14 0.359375 0.6854166666666667 0.084375 0.215625
3 0.265625 0.6854166666666667 0.09166666666666666 0.215625