10 0.7239583333333334 0.515625 0.071875 0.203125
11 0.7125 0.74375 0.07916666666666666 0.23333333333333334
4 0.6208333333333333 0.7447916666666666 0.08541666666666667 0.23125
15 0.5354166666666667 0.7447916666666666 0.08958333333333333 0.23020833333333332
17 0.4354166666666667 0.7354166666666667 0.08645833333333333 0.234375
13 0.3458333333333333 0.7395833333333334 0.084375 0.225
1 0.25 0.725 0.07916666666666666 0.225
9 0.16041666666666668 0.7291666666666666 0.08020833333333334 0.22916666666666666
8 0.15416666666666667 0.49166666666666664 0.08125 0.20104166666666667
0 0.24375 0.49375 0.075 0.196875
12 0.3416666666666667 0.49166666666666664 0.084375 0.19791666666666666
16 0.4427083333333333 0.5041666666666667 0.08645833333333333 0.21666666666666667
14 0.5375 0.515625 0.084375 0.215625
3 0.6354166666666666 0.5135416666666667 0.09166666666666666 0.215625