9 0.2760416666666667 0.42083333333333334 0.059375 0.17083333333333334
8 0.2875 0.6083333333333333 0.06770833333333333 0.165625
0 0.35625 0.6010416666666667 0.05625 0.16354166666666667
1 0.3458333333333333 0.409375 0.05625 0.17291666666666666
12 0.42604166666666665 0.5854166666666667 0.06770833333333333 0.178125
13 0.41458333333333336 0.39375 0.06354166666666666 0.18125
16 0.49895833333333334 0.584375 0.071875 0.17708333333333334
17 0.484375 0.39166666666666666 0.06354166666666666 0.18229166666666666
15 0.5520833333333334 0.38229166666666664 0.06145833333333333 0.19166666666666668
14 0.5708333333333333 0.5708333333333333 0.065625 0.16458333333333333
2 0.7729166666666667 0.50625 0.45208333333333334 0.9833333333333333