10 0.7375 0.3802083333333333 0.06875 0.17916666666666667
15 0.590625 0.5572916666666666 0.06666666666666667 0.16145833333333334
9 0.3125 0.5447916666666667 0.075 0.17395833333333333
3 0.6604166666666667 0.37604166666666666 0.07291666666666667 0.16770833333333332
16 0.528125 0.5604166666666667 0.065625 0.16770833333333332
16 0.528125 0.3697916666666667 0.06666666666666667 0.171875
13 0.46041666666666664 0.5489583333333333 0.07395833333333333 0.1625
1 0.3854166666666667 0.5385416666666667 0.071875 0.18020833333333333
12 0.45729166666666665 0.36354166666666665 0.06875 0.171875
14 0.5927083333333333 0.37395833333333334 0.06458333333333334 0.16666666666666666
8 0.315625 0.35625 0.07291666666666667 0.16979166666666667
4 0.6635416666666667 0.55625 0.07083333333333333 0.171875
0 0.38333333333333336 0.353125 0.06041666666666667 0.16041666666666668
5 0.7076616229166667 0.6424463666666667 0.7665447249999999 0.6470966645833334 0.7730964791666667 0.5681888645833334 0.71696221875 0.57159133125 0.70354869375 0.49310980833333334 0.7076616229166667 0.6424463666666667
7 0.5239583333333333 0.4791666666666667 0.5489583333333333 0.5416666666666666