11 0.5833333333333334 0.37083333333333335 0.06979166666666667 0.16666666666666666
4 0.50625 0.3614583333333333 0.06770833333333333 0.165625
15 0.4354166666666667 0.36770833333333336 0.07291666666666667 0.17916666666666667
17 0.365625 0.365625 0.065625 0.18645833333333334
13 0.29583333333333334 0.36354166666666665 0.06875 0.18333333333333332
1 0.228125 0.3614583333333333 0.06041666666666667 0.17604166666666668
9 0.16145833333333334 0.35520833333333335 0.06354166666666666 0.17604166666666668
8 0.15729166666666666 0.5541666666666667 0.06666666666666667 0.17083333333333334
0 0.22395833333333334 0.5520833333333334 0.06354166666666666 0.16458333333333333
12 0.29375 0.55 0.0625 0.17395833333333333
16 0.36354166666666665 0.5541666666666667 0.06458333333333334 0.17291666666666666
14 0.4322916666666667 0.5572916666666666 0.06458333333333334 0.159375
3 0.50625 0.553125 0.06770833333333333 0.16979166666666667
10 0.5864583333333333 0.5614583333333333 0.08020833333333334 0.16666666666666666