8 0.7177083333333333 0.41354166666666664 0.07083333333333333 0.17604166666666668
12 0.5822916666666667 0.4166666666666667 0.06770833333333333 0.18020833333333333
16 0.5083333333333333 0.425 0.06458333333333334 0.17291666666666666
14 0.4375 0.421875 0.06770833333333333 0.165625
10 0.2947916666666667 0.45 0.06979166666666667 0.17708333333333334
9 0.7270833333333333 0.5885416666666666 0.06666666666666667 0.17291666666666666
1 0.6572916666666667 0.5927083333333333 0.065625 0.16875
13 0.5895833333333333 0.6041666666666666 0.06145833333333333 0.16875
17 0.5166666666666667 0.6135416666666667 0.06041666666666667 0.15729166666666666
15 0.44479166666666664 0.615625 0.06354166666666666 0.16354166666666667
4 0.38125 0.6239583333333333 0.06666666666666667 0.16145833333333334
11 0.30833333333333335 0.6385416666666667 0.06458333333333334 0.159375
5 0.70688140625 0.44952876875 0.6817542979166666 0.4329427083333333 0.6790364583333334 0.33471292083333337 0.6171151625 0.33689856041666666 0.6217809604166666 0.5025499125 0.6455026458333334 0.44841269791666666 0.70688140625 0.44952876875
5 0.4047980729166667 0.44287884375 0.40761925416666667 0.35637555833333334 0.3412698416666667 0.36241319375000003 0.3422980729166667 0.4432818708333333 0.34163153125 0.46881975416666666 0.39814814791666664 0.46825396875 0.4047980729166667 0.44287884375
6 0.65625 0.3885416666666667 0.04791666666666667 0.07083333333333333
6 0.375 0.421875 0.04895833333333333 0.08125
7 0.5072916666666667 0.534375 0.584375 0.5760416666666667