11 0.2791666666666667 0.50625 0.057291666666666664 0.16354166666666667
4 0.35104166666666664 0.5083333333333333 0.07083333333333333 0.16458333333333333
15 0.4239583333333333 0.50625 0.06041666666666667 0.16770833333333332
17 0.49375 0.49583333333333335 0.075 0.17708333333333334
13 0.5645833333333333 0.48541666666666666 0.06458333333333334 0.171875
1 0.6354166666666666 0.48020833333333335 0.065625 0.17604166666666668
9 0.7020833333333333 0.475 0.06041666666666667 0.16770833333333332
10 0.27291666666666664 0.315625 0.06666666666666667 0.17291666666666666
3 0.34270833333333334 0.309375 0.06041666666666667 0.17604166666666668
14 0.4125 0.30833333333333335 0.065625 0.17604166666666668
16 0.4822916666666667 0.303125 0.07083333333333333 0.17083333333333334
12 0.5614583333333333 0.3020833333333333 0.06979166666666667 0.17604166666666668
0 0.625 0.28958333333333336 0.0625 0.16979166666666667
8 0.690625 0.29583333333333334 0.06458333333333334 0.18020833333333333
7 0.48541666666666666 0.40520833333333334 0.546875 0.49166666666666664