10 0.6927083333333334 0.35833333333333334 0.06979166666666667 0.171875
9 0.2791666666666667 0.5489583333333333 0.075 0.17395833333333333
14 0.5552083333333333 0.3625 0.07291666666666667 0.16770833333333332
3 0.625 0.35833333333333334 0.065625 0.16770833333333332
16 0.4822916666666667 0.3645833333333333 0.06666666666666667 0.171875
13 0.4197916666666667 0.5427083333333333 0.075 0.184375
8 0.2708333333333333 0.36770833333333336 0.06458333333333334 0.16666666666666666
11 0.6875 0.5416666666666666 0.06458333333333334 0.18333333333333332
0 0.3385416666666667 0.36666666666666664 0.07708333333333334 0.1625
12 0.4083333333333333 0.3614583333333333 0.059375 0.16458333333333333
15 0.5552083333333333 0.55 0.06458333333333334 0.16875
17 0.48333333333333334 0.55 0.065625 0.171875
5 0.6547412375 0.5457666791666667 0.5952380958333333 0.54365079375 0.5939411791666667 0.622271825 0.6529379541666667 0.6241009416666666 0.6547412375 0.5457666791666667
5 0.3792524395833333 0.6259300604166668 0.3792524395833333 0.5541294645833333 0.3037109375 0.5495876729166667 0.306914475 0.5522770958333333 0.3174706520833333 0.6320684520833333 0.3792524395833333 0.6259300604166668
7 0.48541666666666666 0.46979166666666666 0.590625 0.4625