10 0.296875 0.33541666666666664 0.06875 0.17916666666666667
9 0.7135416666666666 0.546875 0.075 0.17395833333333333
3 0.359375 0.3416666666666667 0.07291666666666667 0.16770833333333332
16 0.5104166666666666 0.5270833333333333 0.065625 0.16770833333333332
16 0.5020833333333333 0.35 0.06666666666666667 0.171875
13 0.5791666666666667 0.540625 0.07395833333333333 0.1625
1 0.646875 0.5395833333333333 0.071875 0.18020833333333333
14 0.434375 0.340625 0.06458333333333334 0.16666666666666666
4 0.359375 0.5302083333333333 0.07083333333333333 0.171875
11 0.29270833333333335 0.5239583333333333 0.06458333333333334 0.18333333333333332
8 0.7197916666666667 0.35520833333333335 0.07708333333333334 0.1625
12 0.584375 0.353125 0.059375 0.16458333333333333
15 0.43645833333333334 0.534375 0.06458333333333334 0.16875
5 0.68538153125 0.3537093875 0.6882027125000001 0.2794906375 0.6234085645833333 0.2845052083333333 0.6217344583333334 0.41441127291666663 0.6335462125000001 0.37586805624999997 0.7050264541666666 0.37301587291666666 0.68538153125 0.3537093875
6 0.6614583333333334 0.33958333333333335 0.035416666666666666 0.04791666666666667
7 0.50625 0.46875 0.5822916666666667 0.5052083333333334