10 0.7322916666666667 0.6166666666666667 0.06875 0.17916666666666667
15 0.5885416666666666 0.4322916666666667 0.06666666666666667 0.16145833333333334
4 0.6604166666666667 0.4270833333333333 0.075 0.17395833333333333
3 0.6604166666666667 0.6239583333333333 0.07291666666666667 0.16770833333333332
16 0.528125 0.4395833333333333 0.065625 0.16770833333333332
16 0.528125 0.6302083333333334 0.06666666666666667 0.171875
13 0.46041666666666664 0.4510416666666667 0.07395833333333333 0.1625
1 0.3854166666666667 0.46145833333333336 0.071875 0.18020833333333333
12 0.45729166666666665 0.6364583333333333 0.06875 0.171875
14 0.5927083333333333 0.6260416666666667 0.06458333333333334 0.16666666666666666
8 0.309375 0.6458333333333334 0.07291666666666667 0.16979166666666667
11 0.7270833333333333 0.43125 0.07083333333333333 0.171875
0 0.38333333333333336 0.646875 0.06041666666666667 0.16041666666666668
5 0.345703125 0.5302734375 0.34196221875 0.37425595208333334 0.2649222875 0.3716207833333333 0.2670924270833333 0.4406079479166667 0.24867724791666665 0.4583333333333333 0.3319847458333333 0.45069909375 0.345703125 0.5302734375
7 0.5052083333333334 0.5229166666666667 0.546875 0.4895833333333333