11 0.5895833333333333 0.634375 0.06979166666666667 0.16666666666666666
4 0.5104166666666666 0.6385416666666667 0.06770833333333333 0.165625
15 0.4354166666666667 0.6333333333333333 0.07291666666666667 0.17916666666666667
17 0.36770833333333336 0.6302083333333334 0.065625 0.18645833333333334
13 0.290625 0.634375 0.06875 0.18333333333333332
1 0.22395833333333334 0.6333333333333333 0.06041666666666667 0.17604166666666668
9 0.16041666666666668 0.6385416666666667 0.06354166666666666 0.17604166666666668
8 0.15625 0.4354166666666667 0.06666666666666667 0.17083333333333334
0 0.22291666666666668 0.43645833333333334 0.06354166666666666 0.16458333333333333
12 0.2989583333333333 0.43854166666666666 0.0625 0.17395833333333333
16 0.36875 0.43645833333333334 0.06458333333333334 0.17291666666666666
14 0.4375 0.43645833333333334 0.06458333333333334 0.159375
3 0.5125 0.4322916666666667 0.06770833333333333 0.16979166666666667
10 0.584375 0.43333333333333335 0.08020833333333334 0.16666666666666666