11 0.25416666666666665 0.63125 0.059375 0.1625
4 0.32395833333333335 0.6333333333333333 0.06354166666666666 0.171875
15 0.3927083333333333 0.6291666666666667 0.059375 0.1625
17 0.46041666666666664 0.61875 0.06666666666666667 0.1625
13 0.534375 0.6125 0.07395833333333333 0.16354166666666667
1 0.6 0.6052083333333333 0.065625 0.16458333333333333
9 0.675 0.590625 0.059375 0.16666666666666666
10 0.246875 0.45 0.06354166666666666 0.171875
3 0.31666666666666665 0.4395833333333333 0.06979166666666667 0.16458333333333333
14 0.3875 0.43854166666666666 0.07604166666666666 0.16875
16 0.45729166666666665 0.43125 0.06354166666666666 0.18020833333333333
12 0.5270833333333333 0.415625 0.06770833333333333 0.18125
0 0.5927083333333333 0.4114583333333333 0.065625 0.165625
8 0.6666666666666666 0.4041666666666667 0.06979166666666667 0.16354166666666667
6 0.28020833333333334 0.215625 0.07604166666666666 0.09479166666666666
6 0.24583333333333332 0.14895833333333333 0.04791666666666667 0.06770833333333333
7 0.475 0.5489583333333333 0.5614583333333333 0.5833333333333334