11 0.4354166666666667 0.346875 0.07083333333333333 0.18229166666666666
4 0.5072916666666667 0.3416666666666667 0.08020833333333334 0.178125
15 0.5833333333333334 0.33541666666666664 0.078125 0.175
17 0.65625 0.33541666666666664 0.071875 0.17604166666666668
13 0.7291666666666666 0.33229166666666665 0.06875 0.17395833333333333
1 0.8041666666666667 0.32708333333333334 0.071875 0.175
9 0.8770833333333333 0.32395833333333335 0.06979166666666667 0.171875
10 0.440625 0.54375 0.06875 0.17916666666666667
3 0.509375 0.5416666666666666 0.07604166666666666 0.171875
14 0.5864583333333333 0.5427083333333333 0.06770833333333333 0.16458333333333333
16 0.659375 0.5291666666666667 0.07395833333333333 0.17916666666666667
12 0.7322916666666667 0.5260416666666666 0.07395833333333333 0.184375
0 0.8052083333333333 0.5260416666666666 0.07083333333333333 0.18125
8 0.8802083333333334 0.5208333333333334 0.07395833333333333 0.18541666666666667