8 0.4322916666666667 0.571875 0.08020833333333334 0.18020833333333333
9 0.43020833333333336 0.36875 0.07291666666666667 0.18958333333333333
1 0.5052083333333334 0.371875 0.071875 0.190625
0 0.5052083333333334 0.5739583333333333 0.06875 0.18333333333333332
13 0.5791666666666667 0.3770833333333333 0.06979166666666667 0.18958333333333333
12 0.58125 0.5635416666666667 0.075 0.19166666666666668
17 0.6541666666666667 0.37395833333333334 0.065625 0.18645833333333334
16 0.653125 0.5708333333333333 0.06875 0.19791666666666666
15 0.7270833333333333 0.375 0.06979166666666667 0.19270833333333334
14 0.7270833333333333 0.5739583333333333 0.071875 0.18333333333333332
4 0.8 0.375 0.06666666666666667 0.18854166666666666
3 0.8020833333333334 0.5708333333333333 0.071875 0.18020833333333333
11 0.8729166666666667 0.38333333333333336 0.06875 0.18854166666666666
10 0.8729166666666667 0.5708333333333333 0.06770833333333333 0.18020833333333333