10 0.7 0.33229166666666665 0.06979166666666667 0.171875
9 0.2791666666666667 0.5489583333333333 0.075 0.17395833333333333
14 0.5604166666666667 0.3385416666666667 0.07291666666666667 0.16770833333333332
3 0.6302083333333334 0.334375 0.065625 0.16770833333333332
16 0.4864583333333333 0.3489583333333333 0.06666666666666667 0.171875
13 0.4197916666666667 0.5427083333333333 0.075 0.184375
1 0.35208333333333336 0.546875 0.071875 0.18020833333333333
8 0.2760416666666667 0.3541666666666667 0.06458333333333334 0.16666666666666666
4 0.6322916666666667 0.5302083333333333 0.07083333333333333 0.171875
11 0.703125 0.525 0.06458333333333334 0.18333333333333332
0 0.3458333333333333 0.34375 0.07708333333333334 0.1625
12 0.415625 0.353125 0.059375 0.16458333333333333
15 0.5583333333333333 0.5375 0.06458333333333334 0.16875
5 0.5249772645833334 0.5423487104166667 0.45370370416666667 0.54365079375 0.4574807791666667 0.6170557416666667 0.5218563979166667 0.6103205604166667 0.5249772645833334 0.5423487104166667
7 0.4895833333333333 0.46770833333333334 0.565625 0.48333333333333334