11 0.43854166666666666 0.7083333333333334 0.07291666666666667 0.17604166666666668
10 0.440625 0.5114583333333333 0.07083333333333333 0.17291666666666666
3 0.5135416666666667 0.5104166666666666 0.075 0.190625
14 0.5927083333333333 0.509375 0.07604166666666666 0.175
16 0.6604166666666667 0.5083333333333333 0.071875 0.18541666666666667
12 0.7364583333333333 0.5197916666666667 0.08229166666666667 0.1875
0 0.8052083333333333 0.5239583333333333 0.06770833333333333 0.18020833333333333
8 0.878125 0.5145833333333333 0.075 0.17916666666666667
9 0.8760416666666667 0.7135416666666666 0.07916666666666666 0.19375
1 0.8020833333333334 0.7229166666666667 0.071875 0.19895833333333332
13 0.740625 0.7166666666666667 0.08333333333333333 0.19583333333333333
17 0.665625 0.70625 0.07395833333333333 0.20520833333333333
15 0.5958333333333333 0.703125 0.07708333333333334 0.21145833333333333
4 0.5145833333333333 0.7083333333333334 0.08020833333333334 0.20625