8 0.2875 0.39791666666666664 0.07083333333333333 0.17604166666666668
12 0.425 0.41354166666666664 0.06770833333333333 0.18020833333333333
16 0.5 0.415625 0.06458333333333334 0.17291666666666666
14 0.5666666666666667 0.4395833333333333 0.06770833333333333 0.165625
10 0.7041666666666667 0.45416666666666666 0.06979166666666667 0.17708333333333334
9 0.2760416666666667 0.5875 0.06666666666666667 0.17291666666666666
1 0.346875 0.590625 0.065625 0.16875
13 0.41458333333333336 0.596875 0.06145833333333333 0.16875
17 0.48333333333333334 0.6083333333333333 0.06041666666666667 0.15729166666666666
15 0.546875 0.621875 0.06354166666666666 0.16354166666666667
4 0.625 0.634375 0.06666666666666667 0.16145833333333334
11 0.6947916666666667 0.6395833333333333 0.06458333333333334 0.159375
0 0.359375 0.40625 0.06145833333333333 0.1625
3 0.6364583333333333 0.4395833333333333 0.06145833333333333 0.17083333333333334
2 0.6322916666666667 0.14895833333333333 0.421875 0.29791666666666666
7 0.496875 0.5385416666666667 0.5770833333333333 0.48125