10 0.28541666666666665 0.17083333333333334 0.090625 0.20625
11 0.284375 0.42604166666666665 0.09270833333333334 0.24479166666666666
3 0.375 0.175 0.084375 0.20625
4 0.3770833333333333 0.43645833333333334 0.084375 0.23229166666666667
14 0.4791666666666667 0.18125 0.07916666666666666 0.21770833333333334
15 0.46979166666666666 0.44375 0.09270833333333334 0.22083333333333333
16 0.5791666666666667 0.190625 0.08125 0.209375
17 0.5697916666666667 0.4479166666666667 0.08541666666666667 0.21666666666666667
12 0.6739583333333333 0.18854166666666666 0.07916666666666666 0.21145833333333333
13 0.6677083333333333 0.4510416666666667 0.08229166666666667 0.215625
0 0.775 0.20520833333333333 0.08333333333333333 0.209375
1 0.76875 0.471875 0.08645833333333333 0.221875
8 0.878125 0.225 0.090625 0.203125
9 0.853125 0.4708333333333333 0.08645833333333333 0.22395833333333334