11 0.7 0.3645833333333333 0.06875 0.17916666666666667
10 0.7104166666666667 0.55 0.06666666666666667 0.16145833333333334
4 0.6302083333333334 0.36666666666666664 0.075 0.17395833333333333
3 0.6395833333333333 0.5572916666666666 0.07291666666666667 0.16770833333333332
15 0.55625 0.37083333333333335 0.065625 0.16770833333333332
14 0.5677083333333334 0.5645833333333333 0.06458333333333334 0.18020833333333333
16 0.49895833333333334 0.5666666666666667 0.06666666666666667 0.171875
17 0.4875 0.38333333333333336 0.07395833333333333 0.1625
13 0.4166666666666667 0.38958333333333334 0.071875 0.18020833333333333
12 0.43020833333333336 0.575 0.06875 0.171875
1 0.35104166666666664 0.38645833333333335 0.06458333333333334 0.16666666666666666
8 0.28958333333333336 0.5739583333333333 0.07291666666666667 0.16979166666666667
9 0.28125 0.3885416666666667 0.07083333333333333 0.171875
5 0.3344959083333333 0.56218998125 0.33468191875000003 0.6526770208333333 0.39287781041666664 0.6486312625 0.3980086395833334 0.49925595208333334 0.37302620625 0.5438988104166668 0.32142857083333337 0.5476190479166667 0.3344959083333333 0.56218998125
6 0.353125 0.5979166666666667 0.03125 0.06666666666666667
7 0.5010416666666667 0.478125 0.54375 0.484375