11 0.7208333333333333 0.48333333333333334 0.057291666666666664 0.16354166666666667
4 0.6479166666666667 0.48541666666666666 0.07083333333333333 0.16458333333333333
15 0.5802083333333333 0.48541666666666666 0.06041666666666667 0.16770833333333332
17 0.5114583333333333 0.49583333333333335 0.08125 0.17083333333333334
13 0.440625 0.5 0.06458333333333334 0.171875
1 0.36770833333333336 0.5010416666666667 0.065625 0.17604166666666668
9 0.3 0.5052083333333334 0.06041666666666667 0.16770833333333332
10 0.7260416666666667 0.665625 0.06666666666666667 0.17291666666666666
3 0.6604166666666667 0.6697916666666667 0.06041666666666667 0.17604166666666668
14 0.5864583333333333 0.678125 0.065625 0.17604166666666668
16 0.515625 0.6822916666666666 0.07083333333333333 0.17083333333333334
12 0.4427083333333333 0.6875 0.06979166666666667 0.17604166666666668
0 0.371875 0.6989583333333333 0.0625 0.16979166666666667
8 0.303125 0.69375 0.06458333333333334 0.18020833333333333
7 0.5145833333333333 0.584375 0.5395833333333333 0.45416666666666666