10 0.3072916666666667 0.6416666666666667 0.06979166666666667 0.171875
9 0.7208333333333333 0.4510416666666667 0.075 0.17395833333333333
14 0.44479166666666664 0.6375 0.07291666666666667 0.16770833333333332
3 0.375 0.6416666666666667 0.065625 0.16770833333333332
16 0.5177083333333333 0.6354166666666666 0.06666666666666667 0.171875
13 0.5802083333333333 0.45729166666666665 0.075 0.184375
1 0.6479166666666667 0.453125 0.071875 0.18020833333333333
8 0.7291666666666666 0.6322916666666667 0.06458333333333334 0.16666666666666666
4 0.375 0.4583333333333333 0.07083333333333333 0.171875
11 0.3125 0.4583333333333333 0.06458333333333334 0.18333333333333332
0 0.6614583333333334 0.6333333333333333 0.07708333333333334 0.1625
12 0.5916666666666667 0.6385416666666667 0.059375 0.16458333333333333
15 0.44479166666666664 0.45 0.06458333333333334 0.16875
17 0.5166666666666667 0.45 0.065625 0.171875
7 0.51875 0.5260416666666666 0.55 0.4395833333333333