5 0.8284877229166666 0.4277553020833333 0.7447823666666668 0.4687360479166667 0.7961356020833333 0.6853864395833333 0.8063290541666667 0.5732491625 0.87021019375 0.5379185270833333 0.8972005208333333 0.5242327020833334 0.8928571416666667 0.5232142854166667 0.8661644333333334 0.5361886166666667 0.8284877229166666 0.4277553020833333
4 0.73125 0.6 0.09895833333333333 0.20625
15 0.6333333333333333 0.659375 0.07083333333333333 0.20625
17 0.540625 0.7072916666666667 0.06666666666666667 0.18125
13 0.446875 0.7572916666666667 0.075 0.175
1 0.35625 0.7989583333333333 0.06458333333333334 0.17083333333333334
9 0.2677083333333333 0.8375 0.07708333333333334 0.16875
10 0.86875 0.8072916666666666 0.06770833333333333 0.20729166666666668
3 0.7802083333333333 0.8458333333333333 0.09479166666666666 0.17291666666666666
14 0.6854166666666667 0.8875 0.06770833333333333 0.16354166666666667
16 0.6020833333333333 0.9302083333333333 0.08125 0.13958333333333334