11 0.28958333333333336 0.6583333333333333 0.05416666666666667 0.15833333333333333
15 0.43333333333333335 0.6458333333333334 0.059375 0.159375
17 0.4979166666666667 0.64375 0.06354166666666666 0.16666666666666666
13 0.56875 0.6364583333333333 0.071875 0.17395833333333333
3 0.3385416666666667 0.4583333333333333 0.06979166666666667 0.16354166666666667
14 0.4125 0.4583333333333333 0.065625 0.16458333333333333
16 0.4822916666666667 0.45208333333333334 0.06458333333333334 0.165625
12 0.5520833333333334 0.446875 0.07083333333333333 0.16770833333333332
0 0.625 0.44583333333333336 0.07083333333333333 0.165625
8 0.696875 0.440625 0.06458333333333334 0.16666666666666666
5 0.30733300208333336 0.5283978166666666 0.29892113125 0.3859592020833333 0.24452298333333333 0.38917565625 0.24486400416666668 0.46148003541666666 0.22983321041666666 0.48231336874999997 0.28703703750000004 0.47420635 0.30733300208333336 0.5283978166666666
5 0.6709397729166666 0.7035822791666667 0.7463055958333332 0.6973741312499999 0.74452815 0.6308051208333333 0.76709759375 0.6132424979166667 0.7023809520833333 0.6269841270833333 0.6705935854166667 0.5594618062500001 0.6709397729166666 0.7035822791666667
4 0.3572916666666667 0.653125 0.06666666666666667 0.16041666666666668
1 0.6322916666666667 0.6364583333333333 0.06041666666666667 0.15104166666666666
7 0.5010416666666667 0.546875 0.5729166666666666 0.509375