10 0.7572916666666667 0.5364583333333334 0.071875 0.203125
11 0.18229166666666666 0.56875 0.08125 0.19166666666666668
4 0.28229166666666666 0.5552083333333333 0.08020833333333334 0.21770833333333334
15 0.3802083333333333 0.5479166666666667 0.08958333333333333 0.23020833333333332
17 0.4864583333333333 0.5479166666666667 0.08645833333333333 0.234375
13 0.5791666666666667 0.5489583333333333 0.084375 0.225
1 0.6708333333333333 0.54375 0.07916666666666666 0.225
9 0.1875 0.321875 0.07395833333333333 0.21770833333333334
8 0.7510416666666667 0.290625 0.08125 0.20104166666666667
0 0.659375 0.29375 0.075 0.196875
12 0.5645833333333333 0.3072916666666667 0.084375 0.19791666666666666
16 0.4739583333333333 0.309375 0.08645833333333333 0.21666666666666667
14 0.37395833333333334 0.315625 0.084375 0.215625
3 0.28229166666666666 0.3229166666666667 0.09166666666666666 0.215625