2 0.47604166666666664 0.39479166666666665 0.36041666666666666 0.2
2 0.8083333333333333 0.575 0.3375 0.20416666666666666
2 0.76875 0.734375 0.2864583333333333 0.17604166666666668
2 0.45208333333333334 0.740625 0.2760416666666667 0.14791666666666667
2 0.18229166666666666 0.7447916666666666 0.24791666666666667 0.14375
2 0.18020833333333333 0.5708333333333333 0.24166666666666667 0.1375
2 0.46979166666666666 0.5552083333333333 0.3177083333333333 0.18229166666666666
2 0.7635416666666667 0.25833333333333336 0.284375 0.18229166666666666
2 0.8208333333333333 0.39479166666666665 0.2552083333333333 0.15
2 0.15833333333333333 0.4197916666666667 0.24895833333333334 0.14270833333333333
2 0.16875 0.25625 0.24270833333333333 0.14166666666666666
2 0.19375 0.11145833333333334 0.353125 0.15
2 0.46875 0.27395833333333336 0.31145833333333334 0.16770833333333332
2 0.828125 0.12708333333333333 0.3072916666666667 0.20833333333333334
2 0.5208333333333334 0.10416666666666667 0.284375 0.1625