6 0.7416666666666667 0.7583333333333333 0.1375 0.125
6 0.915625 0.5916666666666667 0.11354166666666667 0.103125
6 0.8885416666666667 0.7572916666666667 0.121875 0.11458333333333333
6 0.41770833333333335 0.5739583333333333 0.1375 0.09270833333333334
6 0.5708333333333333 0.5770833333333333 0.11666666666666667 0.103125
6 0.09270833333333334 0.5645833333333333 0.075 0.05520833333333333
6 0.11770833333333333 0.4270833333333333 0.14375 0.0875
6 0.3697916666666667 0.43333333333333335 0.121875 0.07604166666666666
6 0.6322916666666667 0.44166666666666665 0.17083333333333334 0.09270833333333334
6 0.8802083333333334 0.43854166666666666 0.175 0.06979166666666667
6 0.25833333333333336 0.75 0.14895833333333333 0.11145833333333334
6 0.25416666666666665 0.5729166666666666 0.1125 0.08020833333333334
6 0.58125 0.7510416666666667 0.12395833333333334 0.09166666666666666
6 0.428125 0.7541666666666667 0.13333333333333333 0.115625
6 0.7385416666666667 0.609375 0.16145833333333334 0.14166666666666666
6 0.08541666666666667 0.740625 0.17083333333333334 0.13958333333333334