6 0.43333333333333335 0.7135416666666666 0.11666666666666667 0.05416666666666667
6 0.43333333333333335 0.79375 0.16354166666666667 0.03854166666666667
6 0.26875 0.7895833333333333 0.12291666666666666 0.07395833333333333
6 0.090625 0.715625 0.12604166666666666 0.06145833333333333
6 0.08958333333333333 0.7947916666666667 0.13125 0.05520833333333333
6 0.29791666666666666 0.7125 0.0875 0.046875
6 0.22083333333333333 0.7125 0.08958333333333333 0.05625
6 0.6114583333333333 0.7875 0.13333333333333333 0.0625
6 0.7583333333333333 0.790625 0.13854166666666667 0.06354166666666666
6 0.91875 0.7875 0.13020833333333334 0.06979166666666667
6 0.7541666666666667 0.546875 0.14791666666666667 0.052083333333333336
6 0.7479166666666667 0.6552083333333333 0.15104166666666666 0.040625
6 0.909375 0.5479166666666667 0.13541666666666666 0.051041666666666666
6 0.36770833333333336 0.646875 0.16041666666666668 0.023958333333333335
6 0.3697916666666667 0.6114583333333333 0.14479166666666668 0.029166666666666667
6 0.36875 0.5802083333333333 0.14791666666666667 0.036458333333333336
6 0.36666666666666664 0.5375 0.13229166666666667 0.03854166666666667
6 0.5260416666666666 0.640625 0.04791666666666667 0.015625
6 0.5958333333333333 0.59375 0.057291666666666664 0.026041666666666668
6 0.596875 0.5458333333333333 0.04895833333333333 0.023958333333333335
6 0.5291666666666667 0.5708333333333333 0.042708333333333334 0.01875
6 0.5291666666666667 0.6177083333333333 0.05 0.023958333333333335
6 0.596875 0.6427083333333333 0.057291666666666664 0.028125