2 0.75625 0.7927083333333333 0.2520833333333333 0.18333333333333332
2 0.6208333333333333 0.6354166666666666 0.21666666666666667 0.190625
2 0.22916666666666666 0.6041666666666666 0.396875 0.32916666666666666
2 0.7770833333333333 0.371875 0.2791666666666667 0.24375
2 0.28229166666666666 0.3625 0.13333333333333333 0.09375
2 0.42291666666666666 0.39166666666666666 0.12708333333333333 0.08020833333333334
2 0.4479166666666667 0.25729166666666664 0.13020833333333334 0.090625
2 0.4427083333333333 0.32916666666666666 0.12083333333333333 0.09895833333333333
2 0.47604166666666664 0.1875 0.13541666666666666 0.08333333333333333
2 0.13854166666666667 0.321875 0.09895833333333333 0.08854166666666667
2 0.15520833333333334 0.25104166666666666 0.11875 0.08958333333333333
2 0.3458333333333333 0.090625 0.13125 0.07604166666666666