2 0.47604166666666664 0.6052083333333333 0.36041666666666666 0.2
2 0.8083333333333333 0.425 0.3375 0.20416666666666666
2 0.76875 0.265625 0.2864583333333333 0.17604166666666668
2 0.45208333333333334 0.259375 0.2760416666666667 0.14791666666666667
2 0.18229166666666666 0.2552083333333333 0.24791666666666667 0.14375
2 0.18020833333333333 0.42916666666666664 0.24166666666666667 0.1375
2 0.46979166666666666 0.44479166666666664 0.3177083333333333 0.18229166666666666
2 0.7635416666666667 0.7416666666666667 0.284375 0.18229166666666666
2 0.8208333333333333 0.6052083333333333 0.2552083333333333 0.15
2 0.15833333333333333 0.5802083333333333 0.24895833333333334 0.14270833333333333
2 0.16875 0.74375 0.24270833333333333 0.14166666666666666
2 0.19375 0.8885416666666667 0.353125 0.15
2 0.46875 0.7260416666666667 0.31145833333333334 0.16770833333333332
2 0.828125 0.8729166666666667 0.3072916666666667 0.20833333333333334
2 0.5208333333333334 0.8958333333333334 0.284375 0.1625