2 0.56875 0.9239583333333333 0.18541666666666667 0.07291666666666667
2 0.37604166666666666 0.9552083333333333 0.16458333333333333 0.05625
2 0.13854166666666667 0.759375 0.20729166666666668 0.08020833333333334
2 0.3489583333333333 0.725 0.18958333333333333 0.0875
2 0.7458333333333333 0.8177083333333334 0.17395833333333333 0.06875
2 0.7583333333333333 0.8989583333333333 0.165625 0.08020833333333334
2 0.5166666666666667 0.546875 0.19270833333333334 0.05416666666666667
2 0.7458333333333333 0.7458333333333333 0.18333333333333332 0.07291666666666667
2 0.896875 0.496875 0.17291666666666666 0.06979166666666667
2 0.10625 0.4510416666666667 0.184375 0.06041666666666667
2 0.3260416666666667 0.65625 0.18958333333333333 0.07083333333333333
2 0.3104166666666667 0.5729166666666666 0.196875 0.07395833333333333
2 0.29791666666666666 0.425 0.196875 0.0625