2 0.5239583333333333 0.6052083333333333 0.36041666666666666 0.2
2 0.19166666666666668 0.425 0.3375 0.20416666666666666
2 0.23125 0.265625 0.2864583333333333 0.17604166666666668
2 0.5479166666666667 0.259375 0.2760416666666667 0.14791666666666667
2 0.8177083333333334 0.2552083333333333 0.24791666666666667 0.14375
2 0.8197916666666667 0.42916666666666664 0.24166666666666667 0.1375
2 0.5302083333333333 0.44479166666666664 0.3177083333333333 0.18229166666666666
2 0.23645833333333333 0.7416666666666667 0.284375 0.18229166666666666
2 0.17916666666666667 0.6052083333333333 0.2552083333333333 0.15
2 0.8416666666666667 0.5802083333333333 0.24895833333333334 0.14270833333333333
2 0.83125 0.74375 0.24270833333333333 0.14166666666666666
2 0.80625 0.8885416666666667 0.353125 0.15
2 0.53125 0.7260416666666667 0.31145833333333334 0.16770833333333332
2 0.171875 0.8729166666666667 0.3072916666666667 0.20833333333333334
2 0.4791666666666667 0.8958333333333334 0.284375 0.1625