6 0.4270833333333333 0.853125 0.15416666666666667 0.042708333333333334
6 0.27395833333333336 0.7895833333333333 0.15625 0.0625
6 0.10625 0.7885416666666667 0.11041666666666666 0.06770833333333333
6 0.265625 0.85625 0.07916666666666666 0.05416666666666667
6 0.09479166666666666 0.8510416666666667 0.18958333333333333 0.042708333333333334
6 0.41875 0.7864583333333334 0.09895833333333333 0.06354166666666666
6 0.7291666666666666 0.678125 0.43020833333333336 0.06979166666666667
6 0.7322916666666667 0.6072916666666667 0.36770833333333336 0.08645833333333333
6 0.6510416666666666 0.825 0.06770833333333333 0.04375
6 0.31145833333333334 0.38645833333333335 0.12604166666666666 0.03125
6 0.421875 0.39375 0.11979166666666667 0.041666666666666664
6 0.421875 0.37916666666666665 0.09166666666666666 0.04583333333333333