6 0.128125 0.7239583333333334 0.21666666666666667 0.078125
6 0.13229166666666667 0.16041666666666668 0.2635416666666667 0.09791666666666667
6 0.359375 0.16354166666666667 0.225 0.11354166666666667
6 0.60625 0.28020833333333334 0.07395833333333333 0.053125
6 0.37916666666666665 0.36354166666666665 0.16770833333333332 0.03854166666666667
6 0.10416666666666667 0.3302083333333333 0.115625 0.035416666666666666
6 0.33229166666666665 0.7114583333333333 0.14166666666666666 0.06770833333333333
6 0.8958333333333334 0.6020833333333333 0.10729166666666666 0.03125
6 0.8916666666666667 0.5802083333333333 0.0875 0.036458333333333336
6 0.821875 0.08854166666666667 0.16145833333333334 0.06458333333333334
6 0.8645833333333334 0.2791666666666667 0.07708333333333334 0.065625
6 0.9052083333333333 0.6708333333333333 0.09791666666666667 0.05