6 0.47604166666666664 0.353125 0.2989583333333333 0.09270833333333334
6 0.08541666666666667 0.346875 0.153125 0.16354166666666667
6 0.6541666666666667 0.21458333333333332 0.21979166666666666 0.09166666666666666
6 0.9052083333333333 0.290625 0.15208333333333332 0.05
6 0.7125 0.28229166666666666 0.19583333333333333 0.051041666666666666
6 0.853125 0.42604166666666665 0.228125 0.0625
6 0.8083333333333333 0.35104166666666664 0.33645833333333336 0.06666666666666667
6 0.6958333333333333 0.5802083333333333 0.265625 0.08854166666666667
6 0.32083333333333336 0.5947916666666667 0.19270833333333334 0.07604166666666666
6 0.19166666666666668 0.5229166666666667 0.19895833333333332 0.08645833333333333
6 0.6145833333333334 0.43020833333333336 0.20729166666666668 0.1
6 0.06458333333333334 0.45208333333333334 0.11145833333333334 0.040625
6 0.484375 0.26666666666666666 0.17916666666666667 0.06354166666666666
6 0.7447916666666666 0.4822916666666667 0.1875 0.06979166666666667