6 0.17291666666666666 0.225 0.096875 0.03333333333333333
6 0.2604166666666667 0.23020833333333332 0.071875 0.03854166666666667
6 0.33229166666666665 0.209375 0.06875 0.03854166666666667
6 0.4510416666666667 0.22916666666666666 0.08020833333333334 0.03333333333333333
6 0.45 0.30520833333333336 0.07395833333333333 0.03333333333333333
6 0.2125 0.31875 0.071875 0.03854166666666667
6 0.2947916666666667 0.3385416666666667 0.07395833333333333 0.03854166666666667
6 0.33541666666666664 0.3572916666666667 0.09895833333333333 0.03958333333333333
6 0.25833333333333336 0.28541666666666665 0.06041666666666667 0.034375
6 0.07708333333333334 0.24895833333333334 0.10625 0.035416666666666666
6 0.32916666666666666 0.25833333333333336 0.06979166666666667 0.027083333333333334
6 0.4708333333333333 0.3875 0.07291666666666667 0.06041666666666667
6 0.7041666666666667 0.409375 0.10625 0.0375
6 0.8833333333333333 0.35104166666666664 0.078125 0.051041666666666666
6 0.6427083333333333 0.2875 0.10625 0.052083333333333336
6 0.7885416666666667 0.396875 0.08958333333333333 0.06041666666666667
6 0.5572916666666666 0.41354166666666664 0.10416666666666667 0.05520833333333333
6 0.5572916666666666 0.32395833333333335 0.10416666666666667 0.035416666666666666