2 0.25 0.55625 0.15104166666666666 0.07291666666666667
2 0.22395833333333334 0.74375 0.13645833333333332 0.1
2 0.4 0.6708333333333333 0.178125 0.09375
2 0.0875 0.5333333333333333 0.16354166666666667 0.07083333333333333
2 0.446875 0.284375 0.14791666666666667 0.059375
2 0.11041666666666666 0.409375 0.153125 0.053125
2 0.11770833333333333 0.35520833333333335 0.146875 0.051041666666666666
2 0.14583333333333334 0.23541666666666666 0.15833333333333333 0.0625
2 0.28958333333333336 0.3770833333333333 0.15833333333333333 0.04791666666666667
2 0.44895833333333335 0.3927083333333333 0.14791666666666667 0.059375
2 0.275 0.43645833333333334 0.14895833333333333 0.046875
2 0.30520833333333336 0.20104166666666667 0.1375 0.06145833333333333
2 0.153125 0.19270833333333334 0.15520833333333334 0.06458333333333334
2 0.6916666666666667 0.8541666666666666 0.134375 0.08333333333333333
2 0.8635416666666667 0.7364583333333333 0.12916666666666668 0.06979166666666667
2 0.725 0.7260416666666667 0.12395833333333334 0.03958333333333333
2 0.58125 0.5614583333333333 0.13541666666666666 0.08229166666666667
2 0.7708333333333334 0.49583333333333335 0.14270833333333333 0.06458333333333334
2 0.5989583333333334 0.4635416666666667 0.14479166666666668 0.10833333333333334