6 0.17291666666666666 0.775 0.096875 0.03333333333333333
6 0.2604166666666667 0.7697916666666667 0.071875 0.03854166666666667
6 0.33229166666666665 0.790625 0.06875 0.03854166666666667
6 0.4510416666666667 0.7708333333333334 0.08020833333333334 0.03333333333333333
6 0.45 0.6947916666666667 0.07395833333333333 0.03333333333333333
6 0.2125 0.68125 0.071875 0.03854166666666667
6 0.2947916666666667 0.6614583333333334 0.07395833333333333 0.03854166666666667
6 0.33541666666666664 0.6427083333333333 0.09895833333333333 0.03958333333333333
6 0.25833333333333336 0.7145833333333333 0.06041666666666667 0.034375
6 0.07708333333333334 0.7510416666666667 0.10625 0.035416666666666666
6 0.32916666666666666 0.7416666666666667 0.06979166666666667 0.027083333333333334
6 0.4708333333333333 0.6125 0.07291666666666667 0.06041666666666667
6 0.7041666666666667 0.590625 0.10625 0.0375
6 0.8833333333333333 0.6489583333333333 0.078125 0.051041666666666666
6 0.6427083333333333 0.7125 0.10625 0.052083333333333336
6 0.7885416666666667 0.603125 0.08958333333333333 0.06041666666666667
6 0.5572916666666666 0.5864583333333333 0.10416666666666667 0.05520833333333333
6 0.5572916666666666 0.6760416666666667 0.10416666666666667 0.035416666666666666