6 0.74375 0.23541666666666666 0.16979166666666667 0.12916666666666668
6 0.915625 0.40520833333333334 0.15104166666666666 0.09375
6 0.5729166666666666 0.43020833333333336 0.12291666666666666 0.13958333333333334
6 0.41875 0.4166666666666667 0.115625 0.10416666666666667
6 0.08958333333333333 0.428125 0.08854166666666667 0.04791666666666667
6 0.246875 0.42604166666666665 0.09895833333333333 0.078125
6 0.259375 0.25104166666666666 0.12916666666666668 0.11354166666666667
6 0.571875 0.24895833333333334 0.09791666666666667 0.11770833333333333
6 0.1125 0.56875 0.15520833333333334 0.07604166666666666
6 0.3697916666666667 0.5666666666666667 0.12083333333333333 0.053125
6 0.859375 0.5645833333333333 0.18854166666666666 0.06354166666666666
6 0.6166666666666667 0.5572916666666666 0.20104166666666667 0.075