6 0.871875 0.7239583333333334 0.21666666666666667 0.078125
6 0.8677083333333333 0.16041666666666668 0.2635416666666667 0.09791666666666667
6 0.640625 0.16354166666666667 0.225 0.11354166666666667
6 0.39375 0.28020833333333334 0.07395833333333333 0.053125
6 0.6208333333333333 0.36354166666666665 0.16770833333333332 0.03854166666666667
6 0.8958333333333334 0.3302083333333333 0.115625 0.035416666666666666
6 0.6677083333333333 0.7114583333333333 0.14166666666666666 0.06770833333333333
6 0.10416666666666667 0.6020833333333333 0.10729166666666666 0.03125
6 0.10833333333333334 0.5802083333333333 0.0875 0.036458333333333336
6 0.178125 0.08854166666666667 0.16145833333333334 0.06458333333333334
6 0.13541666666666666 0.2791666666666667 0.07708333333333334 0.065625
6 0.09479166666666666 0.6708333333333333 0.09791666666666667 0.05