2 0.19791666666666666 0.2947916666666667 0.24479166666666666 0.203125
2 0.3625 0.409375 0.21354166666666666 0.190625
2 0.7291666666666666 0.32916666666666666 0.434375 0.27708333333333335
2 0.2760416666666667 0.684375 0.30104166666666665 0.21354166666666666
2 0.7447916666666666 0.5895833333333333 0.121875 0.065625
2 0.6 0.584375 0.13125 0.06666666666666667
2 0.8885416666666667 0.5864583333333333 0.125 0.06354166666666666
2 0.6 0.6541666666666667 0.12291666666666666 0.08125
2 0.5958333333333333 0.7958333333333333 0.12395833333333334 0.058333333333333334
2 0.8947916666666667 0.6520833333333333 0.11875 0.065625
2 0.7479166666666667 0.79375 0.13229166666666667 0.06979166666666667
2 0.8927083333333333 0.7958333333333333 0.125 0.071875