6 0.7604166666666666 0.7375 0.4 0.07604166666666666
6 0.7552083333333334 0.8145833333333333 0.41770833333333335 0.065625
6 0.26979166666666665 0.3458333333333333 0.4 0.16458333333333333
6 0.8802083333333334 0.11979166666666667 0.23229166666666667 0.11875
6 0.6354166666666666 0.12604166666666666 0.23333333333333334 0.11979166666666667
6 0.18020833333333333 0.10208333333333333 0.203125 0.06041666666666667
6 0.38333333333333336 0.09583333333333334 0.20208333333333334 0.08541666666666667
6 0.9322916666666666 0.5510416666666667 0.07708333333333334 0.042708333333333334
6 0.60625 0.5364583333333334 0.10104166666666667 0.046875
6 0.7927083333333333 0.5916666666666667 0.07708333333333334 0.03125
6 0.32395833333333335 0.6166666666666667 0.09375 0.03333333333333333
6 0.12916666666666668 0.64375 0.08125 0.03958333333333333