1 0.6912988270833333 0.5791276041666666 0.76 0.5266666666666667 0.7082519520833334 0.5520833333333334 0.717890625 0.4775260416666667 0.695234375 0.4767578125 0.6912988270833333 0.5791276041666666
1 0.6446176416666667 0.5609384562499999 0.6760460125000001 0.5067849541666667 0.70134988125 0.5102075479166667 0.6887706708333333 0.4716103354166667 0.6926662958333334 0.47056206874999995 0.6555536916666667 0.4570132104166667 0.6446176416666667 0.5609384562499999
1 0.6328993208333333 0.4883668916666667 0.6520629604166667 0.4883668916666667 0.6736481 0.49670061875 0.6534230875 0.45990642708333335 0.6101506041666667 0.4360740645833333 0.6074853833333334 0.4821139770833333 0.6328993208333333 0.4883668916666667
1 0.6260358270833334 0.4993814375 0.6064240125 0.478030975 0.6115972125 0.43827542708333334 0.5717761479166668 0.42115721666666667 0.5675306645833333 0.4712067520833333 0.5863365854166667 0.48232362916666666 0.6260358270833334 0.4993814375
1 0.5190220833333333 0.4021992979166667 0.5058768083333333 0.48503864375 0.5316406041666667 0.4582239583333333 0.5807702833333334 0.4821663895833333 0.5616616770833333 0.4672390604166667 0.565262475 0.42131969999999996 0.5725348312499999 0.42374119791666665 0.5190220833333333 0.4021992979166667
1 0.46373252083333333 0.3772610125 0.45357480833333336 0.41711614583333334 0.5152758375000001 0.44034575625 0.4569554708333333 0.5304076624999999 0.47794702916666665 0.5300827 0.5290775895833334 0.4659916208333333 0.5160148666666667 0.40153365 0.46373252083333333 0.3772610125
1 0.45270605625000004 0.38041105833333333 0.38976283125 0.3508027395833333 0.36288656041666667 0.5293279479166667 0.4507641416666667 0.4225828625 0.45270605625000004 0.38041105833333333
1 0.68750881875 0.7219156645833333 0.6971869500000001 0.6618761395833332 0.7406638458333333 0.6884654458333334 0.67673786875 0.63431194375 0.6535606729166666 0.7195885104166667 0.68750881875 0.7219156645833333
1 0.6522202020833333 0.7210456020833333 0.681734175 0.65449109375 0.7202383520833333 0.6614987625000001 0.6616978499999999 0.6181581416666667 0.6522202020833333 0.7210456020833333
1 0.6208665187500001 0.7226494520833333 0.65623375625 0.7187970687499999 0.6618708145833333 0.6655241104166667 0.6334535916666667 0.667966575 0.6208665187500001 0.7226494520833333
1 0.6518074458333333 0.6614987625000001 0.62545793125 0.6618499333333333 0.5889428395833334 0.6165804979166667 0.5889428395833334 0.66705458125 0.6058618791666667 0.7085450125 0.5792647104166666 0.7168053604166666 0.5792647104166666 0.72688969375 0.6240899416666666 0.7263393541666667 0.6301122375 0.6647798416666666 0.6541739104166666 0.6613677291666666 0.6518074458333333 0.6614987625000001
1 0.55951141875 0.7134875937499999 0.5493772916666667 0.694498225 0.533912725 0.694498225 0.5317585354166667 0.7340283958333333 0.5753848104166667 0.7298720145833334 0.5758214708333332 0.7159397750000001 0.55951141875 0.7134875937499999
1 0.48595841458333333 0.6691668395833333 0.4775578604166667 0.7307630416666666 0.52903435 0.7272461041666667 0.5520936145833333 0.6919928666666666 0.50609694375 0.6980099229166666 0.44421508958333333 0.5873285916666667 0.48595841458333333 0.6691668395833333
1 0.47182252708333333 0.7211871187500001 0.4021926625 0.7208936041666667 0.36145174375 0.5640098791666667 0.33685545625 0.7405119312499999 0.4094178479166667 0.7406115166666667 0.47182252708333333 0.7211871187500001