1 0.7270996104166667 0.5119205729166667 0.7641962875 0.5007931125 0.7641015625 0.5007486979166667 0.7662597666666666 0.44283203125 0.7078222666666666 0.44029296874999996 0.7033007812500001 0.5320638020833334 0.71779296875 0.5267903645833333 0.7270996104166667 0.5119205729166667
1 0.6401513666666666 0.5331380208333333 0.6923386375 0.5367336875 0.6899365229166666 0.4432291666666667 0.6235449229166666 0.4384309895833333 0.61548828125 0.5023958333333334 0.63580078125 0.5144010416666667 0.61361328125 0.5910416666666667 0.6401513666666666 0.5331380208333333
1 0.5493603520833333 0.5643229166666667 0.5593554687500001 0.5077799479166667 0.615 0.5083333333333333 0.620234375 0.44309244791666663 0.5460986333333333 0.4377018229166667 0.5493603520833333 0.5643229166666667
1 0.5380322270833333 0.5742447916666666 0.5374072270833333 0.5579947916666667 0.5379736333333334 0.4364453125 0.47 0.43 0.46910156249999996 0.5933138020833333 0.4755175770833333 0.5679752604166667 0.5380322270833333 0.5742447916666666
1 0.3953222645833333 0.5183984375 0.3826855479166667 0.5226822916666667 0.39770507708333336 0.5807747395833334 0.3847167979166667 0.5223828125 0.45875 0.5233333333333333 0.4626074229166666 0.59314453125 0.46579589791666665 0.43432291666666667 0.4023486333333333 0.42580078125000004 0.3953222645833333 0.5183984375
1 0.3962688458333333 0.42999589375 0.3272314458333333 0.429765625 0.31482421875 0.529375 0.28870605416666667 0.5443945312499999 0.29021487916666666 0.5473584125 0.31345703124999996 0.5313216145833334 0.38107910208333334 0.54720703125 0.3962688458333333 0.42999589375
1 0.28013671874999996 0.5233072916666667 0.28300403125 0.5241787062500001 0.285390625 0.5242252604166667 0.2854920875 0.5249348583333333 0.3136621104166667 0.53349609375 0.32210937500000003 0.43102864583333333 0.25636718750000004 0.42449869791666667 0.24585937500000002 0.51341796875 0.20662597708333333 0.5226888020833333 0.28042619166666666 0.5241284187499999 0.28013671874999996 0.5233072916666667
1 0.31579840000000003 0.75381166875 0.31236328124999996 0.7041471354166667 0.28781738333333334 0.69732421875 0.28499511666666666 0.7253710937500001 0.2348828125 0.7298567708333333 0.24993163958333334 0.746328125 0.31579840000000003 0.75381166875
1 0.32377929791666665 0.7515039062500001 0.38334961041666665 0.7519140624999999 0.3825 0.6083333333333333 0.36264160208333335 0.6953450520833333 0.31153320416666663 0.7030078125 0.32377929791666665 0.7515039062500001
1 0.45541503958333335 0.73390625 0.38999999999999996 0.7333333333333333 0.39243652291666664 0.7614908854166667 0.4640673833333333 0.7652864583333333 0.4645605479166666 0.6158463541666667 0.45541503958333335 0.73390625
1 0.46719726666666667 0.7576171875 0.5412207041666667 0.7606705729166666 0.5375 0.6283333333333334 0.5404443354166666 0.7446158854166666 0.46719726666666667 0.7410677083333332 0.46719726666666667 0.7576171875
1 0.54869140625 0.7603125 0.6252246104166667 0.7642838541666667 0.6237499999999999 0.6983333333333334 0.6213134770833334 0.7386067708333334 0.5434863291666667 0.7316796875 0.54869140625 0.7603125
1 0.6289355479166667 0.76310546875 0.7002490229166667 0.7713802083333333 0.7087744145833333 0.7420377604166667 0.63869140625 0.74115234375 0.6206063166666667 0.6980676812500001 0.6289355479166667 0.76310546875
1 0.7488720708333333 0.7736263020833333 0.7525603000000001 0.7613066229166667 0.7111962895833333 0.7499088541666666 0.7028417979166667 0.7687695312499999 0.7488720708333333 0.7736263020833333