1 0.2761328125 0.23498697916666667 0.27749999999999997 0.23833333333333334 0.28890136666666666 0.3918033854166667 0.30007324166666666 0.38930989583333336 0.28556640625 0.23326822916666667 0.2761328125 0.23498697916666667
1 0.3725 0.25166666666666665 0.3763427729166667 0.39677734375 0.38368652291666666 0.39677734375 0.3899462895833333 0.27368489583333333 0.3725 0.25166666666666665
1 0.475 0.38833333333333336 0.4801513666666667 0.3878971354166667 0.47395996041666666 0.2652213541666667 0.475 0.38833333333333336
1 0.6522509770833333 0.3944270833333333 0.6784130854166667 0.26852864583333336 0.65875 0.27666666666666667 0.6522509770833333 0.3944270833333333
1 0.19933105416666666 0.49350911458333335 0.20044921875000002 0.6026497395833333 0.28752929791666665 0.6017447916666666 0.29465332083333334 0.43939453125 0.25874511666666666 0.4649283854166667 0.16470214791666665 0.4598307291666667 0.19933105416666666 0.49350911458333335
1 0.29328125 0.6038411458333334 0.38194336041666666 0.6106380208333333 0.3881005854166667 0.45522786458333336 0.3640625 0.4188411458333333 0.2770654291666667 0.41217447916666666 0.27542480416666665 0.41395182291666666 0.2999707020833334 0.44147135416666666 0.29328125 0.6038411458333334
1 0.4729785166666666 0.61037109375 0.46970703124999996 0.5033984375 0.4753076166666667 0.47526692708333335 0.3895410166666667 0.47526692708333335 0.3924560541666667 0.49611328125000004 0.38888671875 0.6059960937500001 0.4729785166666666 0.61037109375
1 0.48194824166666667 0.5153190104166667 0.4800683604166667 0.6033984375 0.5656640625 0.6039192708333334 0.5536035166666667 0.5020572916666667 0.5825 0.48500000000000004 0.5548095708333334 0.49779947916666667 0.48162109375 0.4890950520833333 0.48194824166666667 0.5153190104166667
1 0.6547705083333334 0.6073958333333334 0.6535498041666667 0.5125065104166667 0.6751074229166666 0.47561197916666664 0.5950000000000001 0.4716666666666667 0.57060546875 0.51013671875 0.5676318354166666 0.6130794270833333 0.6547705083333334 0.6073958333333334
1 0.7485449229166666 0.6121158854166667 0.7399462895833333 0.5212369791666667 0.77125 0.48666666666666664 0.6854199229166666 0.4853971354166667 0.6593310541666667 0.5259440104166667 0.6638574229166667 0.5986458333333334 0.7485449229166666 0.6121158854166667
1 0.7548437499999999 0.6155143229166666 0.8392626958333333 0.6197330729166667 0.8302587895833333 0.5207877604166666 0.895 0.5016666666666667 0.8102978520833334 0.49947916666666664 0.753515625 0.505859375 0.7548437499999999 0.6155143229166666