2 0.25625 0.23541666666666666 0.16979166666666667 0.12916666666666668
2 0.084375 0.40520833333333334 0.15104166666666666 0.09375
2 0.4270833333333333 0.43020833333333336 0.12291666666666666 0.13958333333333334
2 0.58125 0.4166666666666667 0.115625 0.10416666666666667
2 0.9104166666666667 0.428125 0.08854166666666667 0.04791666666666667
2 0.753125 0.42604166666666665 0.09895833333333333 0.078125
2 0.740625 0.25104166666666666 0.12916666666666668 0.11354166666666667
2 0.428125 0.24895833333333334 0.09791666666666667 0.11770833333333333
2 0.8875 0.56875 0.15520833333333334 0.07604166666666666
2 0.6302083333333334 0.5666666666666667 0.12083333333333333 0.053125
2 0.140625 0.5645833333333333 0.18854166666666666 0.06354166666666666
2 0.38333333333333336 0.5572916666666666 0.20104166666666667 0.075