0 0.93125 0.715625 0.07708333333333334 0.18125
0 0.9260416666666667 0.5291666666666667 0.06666666666666667 0.18541666666666667
0 0.9416666666666667 0.33958333333333335 0.07916666666666666 0.175
0 0.7260416666666667 0.11458333333333333 0.075 0.19583333333333333
0 0.7145833333333333 0.328125 0.06458333333333334 0.20833333333333334
0 0.8572916666666667 0.55 0.0875 0.15416666666666667
0 0.7895833333333333 0.3333333333333333 0.07916666666666666 0.18333333333333332
0 0.5510416666666667 0.5208333333333334 0.08333333333333333 0.2125
0 0.575 0.09270833333333334 0.1 0.17083333333333334
0 0.5583333333333333 0.2947916666666667 0.08125 0.19166666666666668
0 0.4083333333333333 0.3145833333333333 0.07291666666666667 0.17708333333333334
0 0.42083333333333334 0.103125 0.0625 0.20625
0 0.621875 0.709375 0.075 0.16041666666666668
0 0.6145833333333334 0.90625 0.0875 0.1375
0 0.4708333333333333 0.7229166666666667 0.06666666666666667 0.16875