2 0.74375 0.23541666666666666 0.17083333333333334 0.12916666666666668
2 0.915625 0.40520833333333334 0.15 0.09375
2 0.5729166666666666 0.43020833333333336 0.12291666666666666 0.13958333333333334
2 0.41875 0.4166666666666667 0.11666666666666667 0.10416666666666667
2 0.08958333333333333 0.428125 0.0875 0.04791666666666667
2 0.246875 0.42604166666666665 0.1 0.07916666666666666
2 0.259375 0.25104166666666666 0.12916666666666668 0.1125
2 0.571875 0.24895833333333334 0.09791666666666667 0.11666666666666667
2 0.1125 0.56875 0.15416666666666667 0.075
2 0.3697916666666667 0.5666666666666667 0.12083333333333333 0.05416666666666667
2 0.859375 0.5645833333333333 0.1875 0.0625
2 0.6166666666666667 0.5572916666666666 0.2 0.075