0 0.6666666666666666 0.2833333333333333 0.30625 0.3375
0 0.6114583333333333 0.7677083333333333 0.22083333333333333 0.41875
0 0.278125 0.215625 0.2 0.3020833333333333
0 0.20520833333333333 0.60625 0.04375 0.13333333333333333
0 0.2708333333333333 0.9125 0.0625 0.125
0 0.3770833333333333 0.5916666666666667 0.0625 0.15833333333333333
0 0.375 0.7520833333333333 0.05625 0.15
0 0.31875 0.9135416666666667 0.041666666666666664 0.14166666666666666
0 0.3229166666666667 0.7427083333333333 0.05 0.15208333333333332
0 0.19791666666666666 0.9083333333333333 0.06666666666666667 0.14166666666666666
0 0.14166666666666666 0.7479166666666667 0.05625 0.15
0 0.15104166666666666 0.6 0.058333333333333334 0.12708333333333333
0 0.265625 0.753125 0.06666666666666667 0.15833333333333333
0 0.26875 0.60625 0.0625 0.125
0 0.325 0.596875 0.05416666666666667 0.15416666666666667