0 0.4822916666666667 0.078125 0.290625 0.08333333333333333
0 0.49166666666666664 0.19895833333333332 0.2989583333333333 0.09895833333333333
0 0.5072916666666667 0.44479166666666664 0.28229166666666666 0.090625
0 0.8322916666666667 0.446875 0.29270833333333335 0.09791666666666667
0 0.16458333333333333 0.55625 0.31354166666666666 0.115625
0 0.15729166666666666 0.42916666666666664 0.28125 0.09166666666666666
0 0.15104166666666666 0.665625 0.2947916666666667 0.08958333333333333
0 0.8072916666666666 0.6697916666666667 0.25833333333333336 0.078125
0 0.490625 0.6625 0.28854166666666664 0.08541666666666667
0 0.8125 0.55625 0.23541666666666666 0.08333333333333333
0 0.8208333333333333 0.321875 0.24479166666666666 0.08020833333333334