0 0.921875 0.4822916666666667 0.08333333333333333 0.2916666666666667
0 0.8010416666666667 0.49166666666666664 0.1 0.3
0 0.5552083333333333 0.5072916666666667 0.09166666666666666 0.2833333333333333
0 0.553125 0.8322916666666667 0.09791666666666667 0.2916666666666667
0 0.44375 0.16458333333333333 0.11666666666666667 0.3125
0 0.5708333333333333 0.15729166666666666 0.09166666666666666 0.28125
0 0.334375 0.15104166666666666 0.08958333333333333 0.29583333333333334
0 0.3302083333333333 0.8072916666666666 0.07916666666666666 0.25833333333333336
0 0.3375 0.490625 0.08541666666666667 0.2875
0 0.44375 0.8125 0.08333333333333333 0.23541666666666666
0 0.678125 0.8208333333333333 0.07916666666666666 0.24583333333333332