2 0.7510416666666667 0.6291666666666667 0.175 0.17708333333333334
2 0.6614583333333334 0.3489583333333333 0.15833333333333333 0.18333333333333332
2 0.5114583333333333 0.37604166666666666 0.15416666666666667 0.15416666666666667
2 0.46145833333333336 0.75625 0.175 0.18333333333333332
2 0.621875 0.7697916666666667 0.13333333333333333 0.125
2 0.46770833333333334 0.90625 0.12916666666666668 0.14166666666666666
2 0.75625 0.903125 0.15 0.13125
2 0.584375 0.09166666666666666 0.1625 0.17916666666666667
2 0.7010416666666667 0.14583333333333334 0.125 0.23541666666666666
2 0.5510416666666667 0.634375 0.11666666666666667 0.20416666666666666
2 0.4510416666666667 0.5166666666666667 0.14375 0.1625
2 0.7552083333333334 0.48541666666666666 0.15416666666666667 0.12916666666666668