0 0.3302083333333333 0.29270833333333335 0.3416666666666667 0.37083333333333335
0 0.396875 0.7625 0.275 0.4083333333333333
0 0.7145833333333333 0.253125 0.24166666666666667 0.4166666666666667
0 0.6229166666666667 0.5854166666666667 0.05 0.13958333333333334
0 0.7364583333333333 0.5854166666666667 0.07083333333333333 0.10208333333333333
0 0.7958333333333333 0.5833333333333334 0.06666666666666667 0.10416666666666667
0 0.6333333333333333 0.740625 0.058333333333333334 0.15
0 0.696875 0.9020833333333333 0.0625 0.15625
0 0.7583333333333333 0.9020833333333333 0.0625 0.15833333333333333
0 0.821875 0.8854166666666666 0.05416666666666667 0.15416666666666667
0 0.7458333333333333 0.7395833333333334 0.06458333333333334 0.14166666666666666
0 0.8052083333333333 0.7427083333333333 0.06041666666666667 0.1125
0 0.8697916666666666 0.728125 0.0625 0.12708333333333333
0 0.8541666666666666 0.578125 0.05416666666666667 0.16458333333333333