0 0.39479166666666665 0.5239583333333333 0.2 0.36041666666666666
0 0.575 0.19166666666666668 0.20416666666666666 0.3375
0 0.734375 0.23125 0.175 0.2875
0 0.740625 0.5479166666666667 0.14791666666666667 0.275
0 0.7447916666666666 0.8177083333333334 0.14375 0.24791666666666667
0 0.5708333333333333 0.8197916666666667 0.1375 0.24166666666666667
0 0.5552083333333333 0.5302083333333333 0.18333333333333332 0.31666666666666665
0 0.25833333333333336 0.23645833333333333 0.18333333333333332 0.2833333333333333
0 0.39479166666666665 0.17916666666666667 0.15 0.25416666666666665
0 0.4197916666666667 0.8416666666666667 0.14166666666666666 0.25
0 0.25625 0.83125 0.14166666666666666 0.24375
0 0.11145833333333334 0.80625 0.15 0.3541666666666667
0 0.27395833333333336 0.53125 0.16666666666666666 0.3125
0 0.12708333333333333 0.171875 0.20833333333333334 0.30833333333333335
0 0.10416666666666667 0.4791666666666667 0.1625 0.2833333333333333