2 0.871875 0.2760416666666667 0.21666666666666667 0.07916666666666666
2 0.8677083333333333 0.8395833333333333 0.2625 0.09791666666666667
2 0.640625 0.8364583333333333 0.225 0.1125
2 0.39375 0.7197916666666667 0.075 0.05416666666666667
2 0.6208333333333333 0.6364583333333333 0.16666666666666666 0.0375
2 0.8958333333333334 0.6697916666666667 0.11666666666666667 0.035416666666666666
2 0.6677083333333333 0.28854166666666664 0.14166666666666666 0.06666666666666667
2 0.10416666666666667 0.39791666666666664 0.10833333333333334 0.03125
2 0.10833333333333334 0.4197916666666667 0.0875 0.0375
2 0.178125 0.9114583333333334 0.1625 0.06458333333333334
2 0.13541666666666666 0.7208333333333333 0.07708333333333334 0.06666666666666667
2 0.09479166666666666 0.32916666666666666 0.09791666666666667 0.05