0 0.9239583333333333 0.56875 0.07291666666666667 0.18541666666666667
0 0.9552083333333333 0.37604166666666666 0.05625 0.16458333333333333
0 0.759375 0.13854166666666667 0.07916666666666666 0.20833333333333334
0 0.725 0.3489583333333333 0.0875 0.18958333333333333
0 0.8177083333333334 0.7458333333333333 0.06875 0.175
0 0.8989583333333333 0.7583333333333333 0.07916666666666666 0.16666666666666666
0 0.546875 0.5166666666666667 0.05416666666666667 0.19166666666666668
0 0.7458333333333333 0.7458333333333333 0.07291666666666667 0.18333333333333332
0 0.496875 0.896875 0.07083333333333333 0.17291666666666666
0 0.4510416666666667 0.10625 0.06041666666666667 0.18333333333333332
0 0.65625 0.3260416666666667 0.07083333333333333 0.18958333333333333
0 0.5729166666666666 0.3104166666666667 0.075 0.19583333333333333
0 0.425 0.29791666666666666 0.0625 0.19583333333333333