0 0.35520833333333335 0.0875 0.09166666666666666 0.1125
0 0.6989583333333333 0.596875 0.04583333333333333 0.15416666666666667
0 0.634375 0.5885416666666666 0.05625 0.14583333333333334
0 0.5708333333333333 0.759375 0.05416666666666667 0.17083333333333334
0 0.553125 0.9125 0.06666666666666667 0.16458333333333333
0 0.49166666666666664 0.8979166666666667 0.052083333333333336 0.15416666666666667
0 0.5104166666666666 0.7385416666666667 0.0625 0.14791666666666667
0 0.7447916666666666 0.609375 0.05416666666666667 0.1375
0 0.7260416666666667 0.9135416666666667 0.05 0.14375
0 0.7416666666666667 0.7625 0.058333333333333334 0.14166666666666666
0 0.6135416666666667 0.915625 0.06041666666666667 0.14583333333333334
0 0.45208333333333334 0.41458333333333336 0.11666666666666667 0.15625
0 0.553125 0.2520833333333333 0.10208333333333333 0.14791666666666667