2 0.4 0.7083333333333334 0.05416666666666667 0.25
2 0.8302083333333333 0.8760416666666667 0.05416666666666667 0.1
2 0.7822916666666667 0.6416666666666667 0.06041666666666667 0.11666666666666667
2 0.7947916666666667 0.8145833333333333 0.03958333333333333 0.11041666666666666
2 0.18020833333333333 0.8666666666666667 0.0625 0.14583333333333334
2 0.08854166666666667 0.684375 0.04791666666666667 0.15
2 0.18020833333333333 0.5760416666666667 0.058333333333333334 0.09791666666666667
2 0.21666666666666667 0.7635416666666667 0.06458333333333334 0.11041666666666666
2 0.22916666666666666 0.6770833333333334 0.075 0.12708333333333333
2 0.10520833333333333 0.8104166666666667 0.07083333333333333 0.13333333333333333
2 0.4822916666666667 0.08645833333333333 0.08125 0.10416666666666667
2 0.21458333333333332 0.1 0.0375 0.09583333333333334