2 0.47604166666666664 0.353125 0.3 0.09166666666666666
2 0.08541666666666667 0.346875 0.15416666666666667 0.1625
2 0.6541666666666667 0.21458333333333332 0.22083333333333333 0.09166666666666666
2 0.9052083333333333 0.290625 0.15208333333333332 0.05
2 0.7125 0.28229166666666666 0.19583333333333333 0.05
2 0.853125 0.42604166666666665 0.22916666666666666 0.0625
2 0.8083333333333333 0.35104166666666664 0.3375 0.06666666666666667
2 0.6958333333333333 0.5802083333333333 0.26666666666666666 0.0875
2 0.32083333333333336 0.5947916666666667 0.19166666666666668 0.075
2 0.19166666666666668 0.5229166666666667 0.2 0.0875
2 0.6145833333333334 0.43020833333333336 0.20833333333333334 0.1
2 0.06458333333333334 0.45208333333333334 0.1125 0.041666666666666664
2 0.484375 0.26666666666666666 0.17916666666666667 0.0625
2 0.7447916666666666 0.4822916666666667 0.1875 0.07083333333333333