2 0.7583333333333333 0.228125 0.25729166666666664 0.20625
2 0.821875 0.5010416666666667 0.31979166666666664 0.15520833333333334
2 0.6489583333333333 0.4583333333333333 0.2875 0.1125
2 0.2625 0.321875 0.48854166666666665 0.10416666666666667
2 0.3614583333333333 0.1375 0.14791666666666667 0.071875
2 0.278125 0.165625 0.140625 0.06770833333333333
2 0.646875 0.7083333333333334 0.17395833333333333 0.08229166666666667
2 0.8697916666666666 0.79375 0.21979166666666666 0.103125
2 0.8666666666666667 0.696875 0.196875 0.09791666666666667
2 0.6541666666666667 0.803125 0.215625 0.090625
2 0.11458333333333333 0.4875 0.1375 0.08958333333333333
2 0.253125 0.4875 0.12604166666666666 0.08645833333333333
2 0.44375 0.4947916666666667 0.07291666666666667 0.06979166666666667
2 0.36770833333333336 0.496875 0.05 0.0875