2 0.228125 0.24166666666666667 0.20625 0.25833333333333336
2 0.5010416666666667 0.178125 0.15416666666666667 0.32083333333333336
2 0.4583333333333333 0.35104166666666664 0.1125 0.2875
2 0.321875 0.7375 0.10416666666666667 0.4875
2 0.1375 0.6385416666666667 0.07083333333333333 0.14791666666666667
2 0.165625 0.721875 0.06666666666666667 0.14166666666666666
2 0.7083333333333334 0.353125 0.08333333333333333 0.175
2 0.79375 0.13020833333333334 0.10416666666666667 0.22083333333333333
2 0.696875 0.13333333333333333 0.09791666666666667 0.19583333333333333
2 0.803125 0.3458333333333333 0.09166666666666666 0.21666666666666667
2 0.4875 0.8854166666666666 0.08958333333333333 0.1375
2 0.4875 0.746875 0.0875 0.125
2 0.4947916666666667 0.55625 0.07083333333333333 0.07291666666666667
2 0.496875 0.6322916666666667 0.0875 0.05