2 0.16979166666666667 0.3 0.14583333333333334 0.10416666666666667
2 0.5177083333333333 0.3125 0.175 0.11458333333333333
2 0.8520833333333333 0.31875 0.19479166666666667 0.11875
2 0.6208333333333333 0.878125 0.140625 0.042708333333333334
2 0.5447916666666667 0.6645833333333333 0.0625 0.04583333333333333
2 0.5989583333333334 0.6604166666666667 0.06875 0.05520833333333333
2 0.6677083333333333 0.6645833333333333 0.052083333333333336 0.03958333333333333
2 0.7385416666666667 0.66875 0.06041666666666667 0.046875
2 0.8 0.66875 0.05 0.03958333333333333
2 0.8729166666666667 0.66875 0.05625 0.042708333333333334
2 0.9291666666666667 0.6645833333333333 0.035416666666666666 0.03854166666666667
2 0.40729166666666666 0.8802083333333334 0.05 0.03125
2 0.2760416666666667 0.8875 0.04895833333333333 0.034375
2 0.16041666666666668 0.8875 0.04895833333333333 0.030208333333333334
2 0.12291666666666666 0.865625 0.052083333333333336 0.028125
2 0.32083333333333336 0.825 0.041666666666666664 0.027083333333333334
2 0.30104166666666665 0.9125 0.06145833333333333 0.029166666666666667
2 0.19270833333333334 0.853125 0.04791666666666667 0.03229166666666667
2 0.23020833333333332 0.9 0.042708333333333334 0.030208333333333334