2 0.7427083333333333 0.3729166666666667 0.3958333333333333 0.18958333333333333
2 0.7541666666666667 0.6552083333333333 0.3625 0.17083333333333334
2 0.41354166666666664 0.45416666666666666 0.07083333333333333 0.052083333333333336
2 0.3072916666666667 0.45208333333333334 0.1 0.04583333333333333
2 0.2 0.45625 0.10833333333333334 0.05
2 0.08229166666666667 0.453125 0.08541666666666667 0.05
2 0.415625 0.39791666666666664 0.10416666666666667 0.05416666666666667
2 0.29791666666666666 0.40520833333333334 0.10833333333333334 0.04583333333333333
2 0.1875 0.40520833333333334 0.07916666666666666 0.05
2 0.08125 0.4083333333333333 0.09583333333333334 0.0375
2 0.41041666666666665 0.34791666666666665 0.0875 0.05416666666666667
2 0.20625 0.35625 0.125 0.04583333333333333
2 0.30520833333333336 0.3020833333333333 0.10208333333333333 0.05625
2 0.415625 0.3 0.08541666666666667 0.052083333333333336
2 0.09583333333333334 0.309375 0.0875 0.052083333333333336
2 0.24375 0.6572916666666667 0.10416666666666667 0.075