2 0.146875 0.5729166666666666 0.041666666666666664 0.15416666666666667
2 0.21041666666666667 0.7260416666666667 0.0625 0.15625
2 0.21145833333333333 0.89375 0.06666666666666667 0.11041666666666666
2 0.14375 0.734375 0.05416666666666667 0.07916666666666666
2 0.14895833333333333 0.9052083333333333 0.041666666666666664 0.18958333333333333
2 0.21354166666666666 0.58125 0.0625 0.1
2 0.321875 0.2708333333333333 0.07083333333333333 0.42916666666666664
2 0.3927083333333333 0.2677083333333333 0.0875 0.36666666666666664
2 0.175 0.3489583333333333 0.04375 0.06666666666666667
2 0.6135416666666667 0.6885416666666667 0.03125 0.125
2 0.60625 0.578125 0.041666666666666664 0.12083333333333333
2 0.6208333333333333 0.578125 0.04583333333333333 0.09166666666666666