2 0.2864583333333333 0.43333333333333335 0.05416666666666667 0.11666666666666667
2 0.20625 0.43333333333333335 0.0375 0.1625
2 0.21041666666666667 0.26875 0.075 0.12291666666666666
2 0.284375 0.090625 0.0625 0.125
2 0.20520833333333333 0.08958333333333333 0.05416666666666667 0.13125
2 0.2875 0.29791666666666666 0.04583333333333333 0.0875
2 0.2875 0.22083333333333333 0.05625 0.08958333333333333
2 0.2125 0.6114583333333333 0.0625 0.13333333333333333
2 0.209375 0.7583333333333333 0.0625 0.13958333333333334
2 0.2125 0.91875 0.07083333333333333 0.12916666666666668
2 0.453125 0.7541666666666667 0.052083333333333336 0.14791666666666667
2 0.34479166666666666 0.7479166666666667 0.041666666666666664 0.15
2 0.45208333333333334 0.909375 0.05 0.13541666666666666
2 0.353125 0.36770833333333336 0.025 0.16041666666666668
2 0.3885416666666667 0.3697916666666667 0.029166666666666667 0.14583333333333334
2 0.4197916666666667 0.36875 0.0375 0.14791666666666667
2 0.4625 0.36666666666666664 0.0375 0.13333333333333333
2 0.359375 0.5260416666666666 0.016666666666666666 0.04791666666666667
2 0.40625 0.5958333333333333 0.025 0.058333333333333334
2 0.45416666666666666 0.596875 0.025 0.05
2 0.42916666666666664 0.5291666666666667 0.01875 0.041666666666666664
2 0.38229166666666664 0.5291666666666667 0.025 0.05
2 0.3572916666666667 0.596875 0.029166666666666667 0.058333333333333334