0 0.284375 0.06875 0.18125 0.07708333333333334
0 0.4708333333333333 0.07395833333333333 0.18541666666666667 0.06770833333333333
0 0.6604166666666667 0.058333333333333334 0.17395833333333333 0.078125
0 0.8854166666666666 0.27395833333333336 0.19583333333333333 0.07395833333333333
0 0.671875 0.28541666666666665 0.20729166666666668 0.06458333333333334
0 0.45 0.14270833333333333 0.15520833333333334 0.08854166666666667
0 0.6666666666666666 0.21041666666666667 0.18229166666666666 0.07916666666666666
0 0.4791666666666667 0.44895833333333335 0.2125 0.08333333333333333
0 0.9072916666666667 0.425 0.16979166666666667 0.1
0 0.7052083333333333 0.44166666666666665 0.19166666666666668 0.08125
0 0.6854166666666667 0.5916666666666667 0.17708333333333334 0.07291666666666667
0 0.896875 0.5791666666666667 0.20625 0.06354166666666666
0 0.290625 0.378125 0.16041666666666668 0.075
0 0.09375 0.3854166666666667 0.13854166666666667 0.08854166666666667
0 0.27708333333333335 0.5291666666666667 0.16875 0.065625