0 0.75625 0.20729166666666668 0.2520833333333333 0.18333333333333332
0 0.6208333333333333 0.3645833333333333 0.21666666666666667 0.19166666666666668
0 0.22916666666666666 0.3958333333333333 0.3958333333333333 0.32916666666666666
0 0.7770833333333333 0.628125 0.2791666666666667 0.24375
0 0.28229166666666666 0.6375 0.13333333333333333 0.09375
0 0.42291666666666666 0.6083333333333333 0.12708333333333333 0.07916666666666666
0 0.4479166666666667 0.7427083333333333 0.12916666666666668 0.09166666666666666
0 0.4427083333333333 0.6708333333333333 0.12083333333333333 0.1
0 0.47604166666666664 0.8125 0.13541666666666666 0.08333333333333333
0 0.13854166666666667 0.678125 0.1 0.0875
0 0.15520833333333334 0.7489583333333333 0.11875 0.08958333333333333
0 0.3458333333333333 0.909375 0.13125 0.075