0 0.2552083333333333 0.3104166666666667 0.14583333333333334 0.07083333333333333
0 0.0875 0.3958333333333333 0.11666666666666667 0.0875
0 0.43125 0.31354166666666666 0.1375 0.10833333333333334
0 0.5833333333333334 0.4479166666666667 0.13125 0.08541666666666667
0 0.7479166666666667 0.178125 0.1375 0.075
0 0.6020833333333333 0.18125 0.15416666666666667 0.0875
0 0.9145833333333333 0.17291666666666666 0.10833333333333334 0.06458333333333334
0 0.8916666666666667 0.3260416666666667 0.14375 0.08333333333333333
0 0.7479166666666667 0.31875 0.11666666666666667 0.0625
0 0.6 0.32708333333333334 0.1 0.05
0 0.425 0.7072916666666667 0.15416666666666667 0.06875
0 0.40625 0.7708333333333334 0.16041666666666668 0.05
0 0.09479166666666666 0.7479166666666667 0.14375 0.058333333333333334