2 0.25833333333333336 0.24166666666666667 0.1375 0.125
2 0.084375 0.4083333333333333 0.11354166666666667 0.103125
2 0.11145833333333334 0.24270833333333333 0.121875 0.11458333333333333
2 0.5822916666666667 0.42604166666666665 0.1375 0.09270833333333334
2 0.42916666666666664 0.42291666666666666 0.11666666666666667 0.103125
2 0.9072916666666667 0.4354166666666667 0.075 0.05520833333333333
2 0.8822916666666667 0.5729166666666666 0.14375 0.0875
2 0.6302083333333334 0.5666666666666667 0.121875 0.07604166666666666
2 0.36770833333333336 0.5583333333333333 0.17083333333333334 0.09270833333333334
2 0.11979166666666667 0.5614583333333333 0.175 0.06979166666666667
2 0.7416666666666667 0.25 0.14895833333333333 0.11145833333333334
2 0.7458333333333333 0.4270833333333333 0.1125 0.08020833333333334
2 0.41875 0.24895833333333334 0.12395833333333334 0.09166666666666666
2 0.571875 0.24583333333333332 0.13333333333333333 0.115625
2 0.26145833333333335 0.390625 0.16145833333333334 0.14166666666666666
2 0.9145833333333333 0.259375 0.17083333333333334 0.13958333333333334