2 0.8302083333333333 0.3 0.14583333333333334 0.10416666666666667
2 0.4822916666666667 0.3125 0.175 0.11458333333333333
2 0.14791666666666667 0.31875 0.19583333333333333 0.11875
2 0.37916666666666665 0.878125 0.14166666666666666 0.041666666666666664
2 0.4552083333333333 0.6645833333333333 0.0625 0.04583333333333333
2 0.4010416666666667 0.6604166666666667 0.06875 0.05416666666666667
2 0.33229166666666665 0.6645833333333333 0.052083333333333336 0.03958333333333333
2 0.26145833333333335 0.66875 0.06041666666666667 0.04583333333333333
2 0.2 0.66875 0.05 0.03958333333333333
2 0.12708333333333333 0.66875 0.05625 0.041666666666666664
2 0.07083333333333333 0.6645833333333333 0.035416666666666666 0.0375
2 0.5927083333333333 0.8802083333333334 0.05 0.03125
2 0.7239583333333334 0.8875 0.05 0.03333333333333333
2 0.8395833333333333 0.8875 0.05 0.029166666666666667
2 0.8770833333333333 0.865625 0.052083333333333336 0.029166666666666667
2 0.6791666666666667 0.825 0.041666666666666664 0.027083333333333334
2 0.6989583333333333 0.9125 0.0625 0.029166666666666667
2 0.8072916666666666 0.853125 0.04791666666666667 0.03333333333333333
2 0.7697916666666667 0.9 0.041666666666666664 0.029166666666666667