2 0.16666666666666666 0.24166666666666667 0.075 0.17916666666666667
2 0.21770833333333334 0.29583333333333334 0.05416666666666667 0.18333333333333332
2 0.40729166666666666 0.14583333333333334 0.10833333333333334 0.2
2 0.40729166666666666 0.36770833333333336 0.10208333333333333 0.22708333333333333
2 0.5197916666666667 0.38645833333333335 0.10208333333333333 0.24583333333333332
2 0.534375 0.6604166666666667 0.08333333333333333 0.13333333333333333
2 0.5354166666666667 0.8520833333333333 0.08125 0.18541666666666667
2 0.3125 0.7447916666666666 0.07916666666666666 0.4041666666666667
2 0.228125 0.7572916666666667 0.0875 0.3375
2 0.7489583333333333 0.75625 0.08125 0.30833333333333335
2 0.8260416666666667 0.7697916666666667 0.09583333333333334 0.3458333333333333
2 0.7166666666666667 0.23854166666666668 0.0375 0.2