0 0.6104166666666667 0.21041666666666667 0.10416666666666667 0.36041666666666666
0 0.5322916666666667 0.3125 0.09166666666666666 0.34791666666666665
0 0.29583333333333334 0.3020833333333333 0.2125 0.3333333333333333
0 0.33645833333333336 0.7489583333333333 0.08958333333333333 0.16041666666666668
0 0.33958333333333335 0.9125 0.1 0.14375
0 0.425 0.7572916666666667 0.07083333333333333 0.15833333333333333
0 0.24583333333333332 0.7489583333333333 0.07916666666666666 0.15
0 0.3333333333333333 0.596875 0.09583333333333334 0.10833333333333334
0 0.43125 0.9177083333333333 0.08125 0.12916666666666668
0 0.5395833333333333 0.6833333333333333 0.05416666666666667 0.1125
0 0.8416666666666667 0.7989583333333333 0.06666666666666667 0.12083333333333333
0 0.8479166666666667 0.6802083333333333 0.05416666666666667 0.10416666666666667
0 0.796875 0.915625 0.058333333333333334 0.10833333333333334
0 0.5395833333333333 0.56875 0.05625 0.1125