0 0.74375 0.5052083333333334 0.0875 0.125
0 0.8395833333333333 0.6958333333333333 0.08958333333333333 0.13125
0 0.9364583333333333 0.6822916666666666 0.08958333333333333 0.19791666666666666
0 0.9364583333333333 0.8875 0.07083333333333333 0.13333333333333333
0 0.34791666666666665 0.121875 0.07916666666666666 0.15208333333333332
0 0.35625 0.3104166666666667 0.1125 0.15833333333333333
0 0.29375 0.7354166666666667 0.08333333333333333 0.16666666666666666
0 0.296875 0.915625 0.08541666666666667 0.16875
0 0.725 0.29791666666666666 0.08541666666666667 0.12083333333333333
0 0.7208333333333333 0.109375 0.0625 0.13333333333333333
0 0.80625 0.09791666666666667 0.075 0.175