0 0.25 0.44375 0.15 0.07291666666666667
0 0.22395833333333334 0.25625 0.1375 0.1
0 0.4 0.32916666666666666 0.17916666666666667 0.09375
0 0.0875 0.4666666666666667 0.1625 0.07083333333333333
0 0.446875 0.715625 0.14791666666666667 0.058333333333333334
0 0.11041666666666666 0.590625 0.15416666666666667 0.05416666666666667
0 0.11770833333333333 0.6447916666666667 0.14583333333333334 0.05
0 0.14583333333333334 0.7645833333333333 0.15833333333333333 0.0625
0 0.28958333333333336 0.6229166666666667 0.15833333333333333 0.04791666666666667
0 0.44895833333333335 0.6072916666666667 0.14791666666666667 0.058333333333333334
0 0.275 0.5635416666666667 0.15 0.04583333333333333
0 0.30520833333333336 0.7989583333333333 0.1375 0.0625
0 0.153125 0.8072916666666666 0.15416666666666667 0.06458333333333334
0 0.6916666666666667 0.14583333333333334 0.13333333333333333 0.08333333333333333
0 0.8635416666666667 0.2635416666666667 0.12916666666666668 0.07083333333333333
0 0.725 0.27395833333333336 0.125 0.03958333333333333
0 0.58125 0.43854166666666666 0.13541666666666666 0.08333333333333333
0 0.7708333333333334 0.5041666666666667 0.14166666666666666 0.06458333333333334
0 0.5989583333333334 0.5364583333333334 0.14583333333333334 0.10833333333333334