0 0.24375 0.20729166666666668 0.2520833333333333 0.18333333333333332
0 0.37916666666666665 0.3645833333333333 0.21666666666666667 0.190625
0 0.7708333333333334 0.3958333333333333 0.396875 0.32916666666666666
0 0.22291666666666668 0.628125 0.2791666666666667 0.24375
0 0.7177083333333333 0.6375 0.13333333333333333 0.09375
0 0.5770833333333333 0.6083333333333333 0.12708333333333333 0.08020833333333334
0 0.5520833333333334 0.7427083333333333 0.13020833333333334 0.090625
0 0.5572916666666666 0.6708333333333333 0.12083333333333333 0.09895833333333333
0 0.5239583333333333 0.8125 0.13541666666666666 0.08333333333333333
0 0.8614583333333333 0.678125 0.09895833333333333 0.08854166666666667
0 0.8447916666666667 0.7489583333333333 0.11875 0.08958333333333333
0 0.6541666666666667 0.909375 0.13125 0.07604166666666666