0 0.7052083333333333 0.19791666666666666 0.20416666666666666 0.24583333333333332
0 0.590625 0.3625 0.19166666666666668 0.2125
0 0.6708333333333333 0.7291666666666666 0.27708333333333335 0.43333333333333335
0 0.315625 0.2760416666666667 0.2125 0.3
0 0.41041666666666665 0.7447916666666666 0.06666666666666667 0.12083333333333333
0 0.415625 0.6 0.06666666666666667 0.13125
0 0.41354166666666664 0.8885416666666667 0.0625 0.125
0 0.3458333333333333 0.6 0.08125 0.12291666666666666
0 0.20416666666666666 0.5958333333333333 0.058333333333333334 0.125
0 0.34791666666666665 0.8947916666666667 0.06666666666666667 0.11875
0 0.20625 0.7479166666666667 0.07083333333333333 0.13125
0 0.20416666666666666 0.8927083333333333 0.07083333333333333 0.125