9 0.559883 0.512508 0.0694604 0.173235 0.967982
16 0.339485 0.69894 0.0671893 0.185862 0.95324
4 0.199119 0.502384 0.0651032 0.165103 0.951054
1 0.486567 0.511248 0.0617731 0.175867 0.944265
3 0.198719 0.691087 0.066209 0.175813 0.936019
11 0.130105 0.49975 0.0676175 0.170356 0.898954
10 0.128546 0.693758 0.059199 0.162645 0.89848
8 0.557711 0.709163 0.0715872 0.180117 0.842939
14 0.269277 0.691017 0.0633764 0.181631 0.82448
15 0.26825 0.504345 0.0659181 0.166638 0.816387
13 0.41567 0.510608 0.0686871 0.17746 0.811036
12 0.410138 0.703124 0.0657059 0.18072 0.76646
0 0.481978 0.706665 0.0668258 0.183333 0.763076
17 0.339899 0.506076 0.0683585 0.171 0.690492
11 0.128576 0.69098 0.0601758 0.169104 0.334251
9 0.129833 0.499923 0.0665544 0.168571 0.322926
15 0.414541 0.507989 0.0716418 0.172826 0.299877
