15 0.466147 0.272274 0.0878298 0.218939 0.968794
1 0.744539 0.277892 0.0816564 0.223983 0.959419
9 0.835069 0.281995 0.07974 0.235146 0.958956
14 0.463565 0.513871 0.0838991 0.212982 0.9513
17 0.558753 0.272377 0.0818031 0.222455 0.949769
3 0.368712 0.512546 0.0828953 0.214696 0.94818
11 0.282822 0.274658 0.0857991 0.22327 0.936998
4 0.375632 0.273031 0.0840468 0.215915 0.93277
16 0.559648 0.51381 0.0846301 0.215215 0.891875
8 0.84098 0.512448 0.0809732 0.209238 0.890787
0 0.749987 0.514648 0.0843203 0.212528 0.844538
10 0.276565 0.516604 0.0800459 0.202211 0.81518
12 0.654097 0.515211 0.0881015 0.213401 0.667599
15 0.65142 0.274343 0.0854853 0.223146 0.58769
9 0.841244 0.514733 0.0790775 0.206689 0.563616
13 0.652276 0.273238 0.0878066 0.222208 0.330018
13 0.468443 0.275373 0.0867344 0.223044 0.278823
11 0.275772 0.516143 0.0794275 0.207781 0.257541
