9 0.634724 0.551652 0.0762955 0.194173 0.973491
11 0.193282 0.553736 0.0736439 0.178488 0.962254
12 0.484498 0.746728 0.0771661 0.181867 0.959637
4 0.262771 0.557117 0.0751385 0.173443 0.954228
1 0.558387 0.560121 0.0717776 0.178054 0.949598
3 0.266269 0.749561 0.071656 0.195274 0.946707
8 0.635104 0.739341 0.0883924 0.181995 0.935251
16 0.4076 0.748725 0.0739653 0.183602 0.901584
0 0.557942 0.745796 0.0718839 0.182677 0.898788
13 0.485687 0.558158 0.0795769 0.182451 0.849407
15 0.334466 0.558648 0.0735653 0.18552 0.811211
17 0.407937 0.558422 0.0747775 0.188578 0.761222
12 0.337681 0.746002 0.0684127 0.186752 0.713788
10 0.193281 0.749781 0.0702747 0.199182 0.695742
