15 0.496546 0.332092 0.0864377 0.221585 0.950648
11 0.313884 0.336017 0.0825024 0.217321 0.935819
4 0.405132 0.335174 0.0871557 0.216978 0.935007
14 0.496943 0.576259 0.08266 0.220231 0.933623
9 0.869538 0.337587 0.0795481 0.225176 0.931653
3 0.400676 0.575173 0.0861068 0.223733 0.890626
17 0.590314 0.332692 0.0856139 0.226572 0.885898
1 0.780273 0.337846 0.0845912 0.226369 0.856624
10 0.307286 0.580535 0.0823127 0.208686 0.653119
16 0.592194 0.575489 0.0861652 0.22261 0.624096
13 0.68627 0.339626 0.0891595 0.229146 0.598313
15 0.685486 0.330182 0.0898794 0.221004 0.422044
9 0.877841 0.575133 0.0799105 0.207848 0.309414
8 0.879051 0.574265 0.0807536 0.203394 0.304004
15 0.688909 0.580147 0.0869499 0.221003 0.299201
11 0.306984 0.580495 0.0821626 0.22327 0.265414
