1 0.757773 0.45261 0.0837575 0.232718 0.973873
11 0.285594 0.483245 0.0871015 0.234009 0.959577
3 0.383476 0.723194 0.08745 0.231832 0.938212
16 0.578536 0.709163 0.0908363 0.237549 0.93498
14 0.479844 0.716766 0.0854413 0.233662 0.928232
9 0.84844 0.449162 0.0802424 0.236674 0.914072
15 0.476611 0.467241 0.0873849 0.22863 0.912315
10 0.288648 0.7287 0.0827385 0.222814 0.899942
0 0.771257 0.703018 0.0885762 0.228996 0.894142
17 0.570584 0.460134 0.0866901 0.223722 0.885491
4 0.379342 0.474201 0.0870984 0.230752 0.877945
12 0.676086 0.705145 0.0877593 0.235677 0.829234
13 0.665585 0.455587 0.0853015 0.231673 0.793456
8 0.862443 0.697396 0.085906 0.224603 0.649209
11 0.288169 0.728515 0.0837083 0.228322 0.497223
