10 0.569859 0.465999 0.0738599 0.169751 0.976987
11 0.570466 0.664654 0.06988 0.169954 0.96974
8 0.13331 0.472154 0.0686065 0.162131 0.94928
17 0.348617 0.658377 0.0689194 0.186734 0.946509
9 0.138072 0.666049 0.0666934 0.182691 0.938857
4 0.495076 0.660373 0.0692869 0.170839 0.936426
1 0.207093 0.664753 0.0625136 0.17832 0.922729
0 0.204259 0.470163 0.0634944 0.165423 0.913815
3 0.492555 0.465812 0.0689671 0.169183 0.889448
16 0.3492 0.464316 0.066084 0.171646 0.868907
13 0.27736 0.662765 0.0686161 0.180746 0.818972
15 0.421975 0.661353 0.0682668 0.179747 0.790114
14 0.421117 0.46653 0.0644474 0.167774 0.766419
12 0.275968 0.468146 0.0668657 0.167566 0.756271
13 0.421841 0.662806 0.0701324 0.18108 0.416844
