8 0.125589 0.516019 0.0914995 0.18978 0.983552
11 0.597723 0.700331 0.0743219 0.166796 0.96637
10 0.604604 0.499207 0.075345 0.179232 0.94044
13 0.446974 0.699323 0.077383 0.178106 0.925609
9 0.13344 0.716185 0.080548 0.193254 0.92156
12 0.290656 0.508253 0.0770856 0.191394 0.919276
0 0.210017 0.513654 0.0749919 0.19252 0.901728
3 0.525975 0.50135 0.0702031 0.18414 0.892725
17 0.366848 0.701841 0.079351 0.196741 0.8905
16 0.369546 0.505794 0.0752922 0.192861 0.878225
13 0.288779 0.718994 0.0868889 0.204963 0.872544
1 0.207196 0.722606 0.0780334 0.201011 0.837643
15 0.441461 0.694864 0.076247 0.190907 0.785243
4 0.520533 0.699096 0.0771231 0.173191 0.743292
12 0.449424 0.503907 0.0700886 0.18641 0.74144
13 0.368763 0.708025 0.0884913 0.195058 0.41655
8 0.134156 0.716065 0.0821776 0.190577 0.357879
