14 0.452758 0.617684 0.0858699 0.232135 0.970837
9 0.818144 0.352427 0.0817593 0.231815 0.969734
4 0.355157 0.377622 0.0891113 0.22906 0.95857
1 0.728384 0.356511 0.082004 0.228318 0.957202
11 0.261188 0.385609 0.0882155 0.233553 0.924295
15 0.44944 0.3697 0.0868328 0.226741 0.913665
0 0.741141 0.602946 0.0870021 0.226344 0.908256
16 0.55008 0.611038 0.0892388 0.234129 0.890872
3 0.356825 0.625191 0.0922576 0.230259 0.866877
13 0.63562 0.361728 0.0832985 0.221731 0.865003
17 0.543541 0.363094 0.0848824 0.219514 0.850257
10 0.264801 0.63015 0.0839179 0.221263 0.791997
8 0.835532 0.594908 0.0857585 0.219278 0.741174
12 0.64688 0.606404 0.0890745 0.232365 0.739316
13 0.446323 0.373019 0.0840926 0.225228 0.584724
9 0.834295 0.595843 0.0824694 0.216769 0.371186
11 0.262854 0.634592 0.0827078 0.220577 0.271401
