11 0.555167 0.81972 0.0747437 0.1756 0.987947
9 0.112088 0.807501 0.075555 0.191543 0.978901
1 0.184441 0.812395 0.0678683 0.177434 0.935157
4 0.479201 0.814182 0.0750052 0.175052 0.929219
14 0.408303 0.616688 0.0683952 0.193674 0.916432
16 0.335012 0.613279 0.070833 0.190923 0.910675
15 0.404346 0.812149 0.0731748 0.184481 0.908891
12 0.261335 0.613919 0.0719467 0.18716 0.8971
10 0.559265 0.620745 0.0777832 0.192604 0.88465
13 0.254664 0.812906 0.0753636 0.185061 0.843453
0 0.188993 0.614301 0.0689528 0.188484 0.822606
3 0.482298 0.618971 0.0666345 0.192408 0.821538
8 0.115794 0.612836 0.0786724 0.190836 0.794701
17 0.329379 0.809667 0.0770997 0.189715 0.735402
13 0.406485 0.813429 0.0763168 0.184738 0.454651
9 0.114725 0.610699 0.0779888 0.189307 0.330796
