11 0.55892 0.709374 0.0786232 0.184878 0.98543
16 0.335658 0.514103 0.0727638 0.185593 0.931824
1 0.194998 0.720302 0.0721542 0.19017 0.930882
9 0.122843 0.716068 0.0764268 0.18999 0.906794
10 0.557726 0.51438 0.0731996 0.187894 0.902016
12 0.264122 0.515867 0.0715413 0.18576 0.896124
15 0.40695 0.704909 0.0766218 0.208186 0.885858
17 0.333164 0.707171 0.0765245 0.207217 0.871354
4 0.482723 0.713662 0.0815452 0.195778 0.863905
13 0.263677 0.719001 0.0823039 0.201447 0.860324
3 0.4828 0.51394 0.07346 0.187442 0.842819
8 0.1222 0.517801 0.0715733 0.186345 0.834338
0 0.194219 0.518925 0.0734947 0.186282 0.804217
14 0.407879 0.51336 0.0743862 0.186504 0.801848
13 0.409871 0.710053 0.0799726 0.204786 0.532495
12 0.408942 0.515042 0.0752609 0.183618 0.384981
