9 0.540176 0.543124 0.0789921 0.189759 0.927529
12 0.397123 0.750531 0.076575 0.188835 0.908689
4 0.174354 0.566117 0.074863 0.179881 0.903957
10 0.107826 0.76346 0.0814218 0.199307 0.882177
1 0.464673 0.544714 0.0769187 0.193396 0.881633
3 0.185223 0.768464 0.0731057 0.198461 0.808023
0 0.470172 0.741052 0.0676793 0.18988 0.783494
11 0.103134 0.56481 0.0750391 0.180428 0.781441
16 0.325497 0.752851 0.0742899 0.18306 0.777172
17 0.318854 0.553518 0.0797639 0.197948 0.754039
13 0.391298 0.546836 0.0820366 0.200392 0.720067
12 0.254997 0.760894 0.068192 0.182658 0.712822
8 0.544921 0.740236 0.083729 0.199041 0.56517
15 0.246077 0.566659 0.0707536 0.205937 0.553307
9 0.545501 0.747131 0.0816494 0.192524 0.466655
0 0.397433 0.750278 0.0768876 0.189117 0.417867
12 0.327224 0.750364 0.0761218 0.183758 0.340537
13 0.247202 0.561762 0.0707525 0.189791 0.304839
9 0.103204 0.566525 0.073936 0.187527 0.254486
