6 0.578097 0.417211 0.130126 0.103745 0.92994
6 0.416657 0.418064 0.131876 0.109043 0.915883
6 0.251797 0.241721 0.14865 0.121947 0.914579
6 0.579273 0.248255 0.14372 0.118546 0.892365
6 0.742917 0.248916 0.143832 0.117234 0.891973
6 0.419913 0.247565 0.12542 0.114433 0.877289
6 0.741764 0.42531 0.109862 0.0816271 0.86899
6 0.365223 0.560067 0.186071 0.0820617 0.740532
6 0.250134 0.3938 0.154882 0.142928 0.734088
6 0.89282 0.56406 0.163181 0.0722341 0.730603
6 0.0827194 0.244356 0.157793 0.122074 0.716783
6 0.0855434 0.412938 0.128171 0.107801 0.698124
6 0.903463 0.249358 0.145056 0.120589 0.610966
6 0.110818 0.564439 0.152191 0.0652316 0.567046
6 0.629317 0.571848 0.136184 0.0661161 0.46617
6 0.908296 0.433969 0.0883349 0.0605413 0.415076
