2 0.298382 0.522449 0.296243 0.0940055 0.835003
2 0.309819 0.282747 0.339719 0.215218 0.834133
2 0.229687 0.594334 0.322584 0.098408 0.830519
2 0.749733 0.352496 0.153436 0.0924276 0.76321
2 0.595012 0.425769 0.137207 0.079895 0.758565
2 0.927001 0.282941 0.144917 0.0994688 0.737899
2 0.604594 0.339963 0.110947 0.0812283 0.731447
2 0.929183 0.370276 0.134351 0.0849524 0.725613
2 0.919233 0.452288 0.143412 0.0835991 0.680653
2 0.763822 0.265507 0.14621 0.0911376 0.637259
2 0.748751 0.43997 0.141493 0.0678319 0.634686
2 0.603616 0.247634 0.140232 0.0922431 0.548483
2 0.561849 0.588511 0.115539 0.055338 0.478057
2 0.680373 0.549 0.117074 0.0507833 0.449614
2 0.564552 0.536025 0.117966 0.0548962 0.442812
2 0.892758 0.825373 0.107614 0.0437602 0.266662
2 0.772476 0.864266 0.114401 0.0619217 0.259659
