6 0.59967 0.332221 0.141318 0.0566938 0.937194
6 0.268965 0.394697 0.147593 0.0630866 0.880039
6 0.735892 0.304557 0.0980226 0.0484331 0.86385
6 0.441702 0.362774 0.144052 0.059282 0.837833
6 0.369126 0.441975 0.151277 0.0622885 0.804887
6 0.770207 0.904795 0.0720131 0.0719379 0.777539
6 0.544735 0.410539 0.156633 0.0604485 0.775219
6 0.162371 0.30424 0.187674 0.133108 0.767106
6 0.708892 0.375002 0.139178 0.0558828 0.763396
6 0.8627 0.345623 0.16979 0.0648801 0.661628
6 0.800145 0.752993 0.0614591 0.0370898 0.654387
6 0.509609 0.286835 0.197573 0.0677647 0.643666
6 0.41755 0.771175 0.0917953 0.0635827 0.600553
6 0.734495 0.752616 0.0656216 0.0403557 0.597884
6 0.541239 0.752706 0.0520657 0.0399353 0.577688
6 0.264548 0.772353 0.0933448 0.0503894 0.536062
6 0.91578 0.901785 0.0840789 0.067645 0.521392
6 0.650053 0.266394 0.073687 0.0368364 0.460828
6 0.601671 0.752371 0.0651034 0.0420139 0.417337
6 0.633363 0.905338 0.0718641 0.0659667 0.407719
6 0.554835 0.886172 0.0855674 0.0381159 0.404553
6 0.867433 0.749962 0.0679728 0.0350733 0.403228
6 0.703766 0.905333 0.0678281 0.0672808 0.368946
6 0.554222 0.922956 0.0831098 0.0375392 0.368258
6 0.109489 0.771243 0.0797859 0.0524821 0.31244
6 0.670289 0.751478 0.0615382 0.0458107 0.298088
6 0.927343 0.75196 0.0531975 0.0344205 0.261776
6 0.329434 0.278605 0.145493 0.13295 0.253859
