2 0.69384 0.124053 0.176512 0.115079 0.926039
2 0.320409 0.261099 0.183826 0.129145 0.925498
2 0.518891 0.258733 0.140809 0.123742 0.910618
2 0.704842 0.261775 0.174464 0.127623 0.905939
2 0.112505 0.131629 0.168357 0.11146 0.894395
2 0.119697 0.259235 0.183556 0.130314 0.892539
2 0.895891 0.254396 0.149103 0.118181 0.868205
2 0.888524 0.127648 0.158681 0.121501 0.839213
2 0.503561 0.139064 0.130685 0.0871355 0.800605
2 0.297635 0.140555 0.116374 0.0822639 0.737441
2 0.306362 0.125456 0.132112 0.113822 0.383294
