6 0.411612 0.368668 0.0836653 0.0527908 0.907751
6 0.571102 0.268564 0.0996774 0.0453506 0.829967
6 0.520372 0.338148 0.0951624 0.0586613 0.789132
6 0.312641 0.264396 0.0839549 0.0594811 0.786078
6 0.245457 0.335305 0.0934665 0.058475 0.767475
6 0.584699 0.390196 0.10596 0.0546155 0.723849
6 0.733266 0.734869 0.0875725 0.0471929 0.708831
6 0.578194 0.733492 0.0737518 0.0492851 0.675838
6 0.36434 0.435529 0.0888976 0.0579041 0.601509
6 0.806457 0.330298 0.113565 0.0630404 0.595657
6 0.624826 0.314674 0.0820669 0.0489231 0.594102
6 0.737195 0.291177 0.0971186 0.0486586 0.564175
6 0.460762 0.289932 0.0745124 0.0535349 0.559033
6 0.615348 0.204462 0.0801888 0.052707 0.537773
6 0.887444 0.733033 0.0871114 0.064005 0.485419
6 0.301376 0.398757 0.096841 0.0559544 0.47033
6 0.610955 0.88482 0.0545764 0.0292727 0.328925
