6 0.337352 0.562215 0.135538 0.134682 0.954184
6 0.574477 0.247311 0.148813 0.149287 0.911931
6 0.663219 0.54975 0.16641 0.157101 0.905457
6 0.427121 0.248727 0.161967 0.153936 0.893296
6 0.847515 0.443252 0.298597 0.138703 0.877199
6 0.564598 0.384458 0.268739 0.145525 0.859114
6 0.899843 0.240979 0.164431 0.13906 0.819746
6 0.490166 0.549425 0.209178 0.153334 0.622899
6 0.20808 0.564097 0.135945 0.128606 0.61452
6 0.740747 0.320102 0.181813 0.146041 0.611398
6 0.10273 0.28857 0.191386 0.0843471 0.601544
6 0.121664 0.377408 0.22894 0.0956584 0.566359
6 0.340749 0.358102 0.190191 0.0810127 0.475531
6 0.101737 0.208923 0.197871 0.0802115 0.467758
6 0.859271 0.559523 0.276947 0.100831 0.379224
6 0.279036 0.247244 0.156648 0.150489 0.339492
