5 0.5232421875 0.304765625 0.5224739583333333 0.282109375 0.4479166666666667 0.29174804791666664 0.47333333333333333 0.24000000000000002 0.42087239583333336 0.30870117291666666 0.5232421875 0.304765625
5 0.49321504583333337 0.32395398750000004 0.43906154375 0.3553823583333333 0.5429867895833334 0.34444630833333334 0.52943793125 0.30733370416666667 0.5283896645833334 0.3112293291666666 0.48979245208333333 0.29865011875 0.49321504583333337 0.32395398750000004
5 0.5116331083333333 0.34793703958333333 0.5116331083333333 0.36710067916666667 0.5178860229166667 0.39251461666666665 0.5639259354166666 0.38984939583333333 0.5400935729166666 0.3465769125 0.5032993812500001 0.3263519 0.5116331083333333 0.34793703958333333
5 0.521969025 0.3935759875 0.5006185625 0.37396417291666667 0.5176763708333333 0.41366341458333333 0.5287932479166667 0.4324693354166667 0.5788427833333334 0.42822385208333336 0.5617245729166667 0.38840278749999996 0.521969025 0.3935759875
5 0.5178336104166666 0.4192297166666667 0.5417760416666667 0.46835939583333336 0.5149613562500001 0.4941231916666667 0.5978007020833334 0.48097791666666667 0.5762588020833334 0.42746516875 0.5786803 0.434737525 0.5327609395833333 0.4383383229166667 0.5178336104166666 0.4192297166666667
5 0.4695923375 0.5430445291666667 0.55965424375 0.4847241625 0.5828838541666667 0.5464251916666666 0.6227389875 0.5362674791666666 0.59846635 0.4839851333333333 0.5340083791666667 0.47092241041666666 0.4699173 0.5220529708333334 0.4695923375 0.5430445291666667
5 0.6491972604166667 0.61023716875 0.6195889416666667 0.5472939437500001 0.5774171375 0.5492358583333333 0.47067205208333335 0.6371134395833333 0.6491972604166667 0.61023716875
5 0.2804114895833333 0.3464393270833333 0.36568805625 0.32326213125 0.31153455416666664 0.25933615416666667 0.33812386041666664 0.30281305000000003 0.27808433541666666 0.31249118125 0.2804114895833333 0.3464393270833333
5 0.34550890625 0.318265825 0.27895439791666665 0.3477797979166667 0.3818418583333333 0.33830214999999997 0.3385012375 0.2797616479166667 0.34550890625 0.318265825
5 0.28120293125 0.34376624375000003 0.2773505479166667 0.37913348125 0.332033425 0.3665464083333333 0.33447588958333335 0.33812918541666664 0.28120293125 0.34376624375000003
5 0.3386322708333333 0.34582608958333333 0.33522015833333335 0.3698877625 0.2736606458333333 0.3759100583333333 0.27311030625000005 0.4207352895833333 0.2831946395833333 0.4207352895833333 0.2914549875 0.3941381208333333 0.33294541875 0.4110571604166667 0.3834195020833333 0.4110571604166667 0.33815006666666664 0.37454206875 0.3385012375 0.34819255416666667 0.3386322708333333 0.34582608958333333
5 0.305501775 0.45062270833333334 0.28651240625 0.44048858125 0.284060225 0.42417852916666665 0.27012798541666666 0.42461518958333333 0.26597160416666665 0.4682414645833333 0.305501775 0.46608727499999997 0.305501775 0.45062270833333334
5 0.26923695833333333 0.5224421395833333 0.33083316041666666 0.5140415854166667 0.4126714083333333 0.5557849104166667 0.30199007708333336 0.49390305624999997 0.30800713333333335 0.44790638541666666 0.27275389583333337 0.47096565 0.26923695833333333 0.5224421395833333
5 0.25938848333333336 0.5905821520833333 0.25948806874999997 0.66314454375 0.43599012083333333 0.6385482562499999 0.27910639583333335 0.5978073375 0.27881288125000003 0.5281774729166666 0.25938848333333336 0.5905821520833333