5 0.2358984375 0.5007486979166667 0.2358037125 0.5007931125 0.27290038958333335 0.5119205729166667 0.28220703124999996 0.5267903645833333 0.29669921875 0.5320638020833334 0.29217773333333336 0.44029296874999996 0.23374023333333332 0.44283203125 0.2358984375 0.5007486979166667
5 0.3100634770833333 0.4432291666666667 0.30766136250000004 0.5367336875 0.35984863333333333 0.5331380208333333 0.38638671874999997 0.5910416666666667 0.36419921875 0.5144010416666667 0.38451171875 0.5023958333333334 0.37645507708333337 0.4384309895833333 0.3100634770833333 0.4432291666666667
5 0.45063964791666666 0.5643229166666667 0.4539013666666667 0.4377018229166667 0.379765625 0.44309244791666663 0.385 0.5083333333333333 0.44064453125 0.5077799479166667 0.45063964791666666 0.5643229166666667
5 0.4625927729166667 0.5579947916666667 0.46196777291666663 0.5742447916666666 0.5244824229166667 0.5679752604166667 0.5308984375 0.5933138020833333 0.53 0.43 0.4620263666666667 0.4364453125 0.4625927729166667 0.5579947916666667
5 0.6152832020833333 0.5223828125 0.6022949229166666 0.5807747395833334 0.6173144520833334 0.5226822916666667 0.6046777354166667 0.5183984375 0.5976513666666666 0.42580078125000004 0.5342041020833334 0.43432291666666667 0.5373925770833333 0.59314453125 0.54125 0.5233333333333333 0.6152832020833333 0.5223828125
5 0.68517578125 0.529375 0.6727685541666666 0.429765625 0.6037311541666667 0.42999589375 0.6189208979166666 0.54720703125 0.68654296875 0.5313216145833334 0.7097851208333333 0.5473584125 0.7112939458333333 0.5443945312499999 0.68517578125 0.529375
5 0.677890625 0.43102864583333333 0.6863378895833333 0.53349609375 0.7145079125 0.5249348583333333 0.714609375 0.5242252604166667 0.71699596875 0.5241787062500001 0.71986328125 0.5233072916666667 0.7195738083333333 0.5241284187499999 0.7933740229166666 0.5226888020833333 0.754140625 0.51341796875 0.7436328125 0.42449869791666667 0.677890625 0.43102864583333333
5 0.68763671875 0.7041471354166667 0.6842016 0.75381166875 0.7500683604166666 0.746328125 0.7651171875 0.7298567708333333 0.7150048833333333 0.7253710937500001 0.7121826166666666 0.69732421875 0.68763671875 0.7041471354166667
5 0.6762207020833333 0.7515039062500001 0.6884667958333334 0.7030078125 0.6373583979166667 0.6953450520833333 0.6174999999999999 0.6083333333333333 0.6166503895833333 0.7519140624999999 0.6762207020833333 0.7515039062500001
5 0.5445849604166667 0.73390625 0.5354394520833333 0.6158463541666667 0.5359326166666667 0.7652864583333333 0.6075634770833334 0.7614908854166667 0.61 0.7333333333333333 0.5445849604166667 0.73390625
5 0.5328027333333334 0.7576171875 0.5328027333333334 0.7410677083333332 0.4595556645833333 0.7446158854166666 0.4625 0.6283333333333334 0.4587792958333334 0.7606705729166666 0.5328027333333334 0.7576171875
5 0.45130859375000004 0.7603125 0.45651367083333333 0.7316796875 0.37868652291666666 0.7386067708333334 0.37625 0.6983333333333334 0.37477538958333334 0.7642838541666667 0.45130859375000004 0.7603125
5 0.37106445208333333 0.76310546875 0.37939368333333334 0.6980676812500001 0.36130859374999996 0.74115234375 0.2912255854166667 0.7420377604166667 0.29975097708333337 0.7713802083333333 0.37106445208333333 0.76310546875
5 0.2971582020833334 0.7687695312499999 0.28880371041666664 0.7499088541666666 0.2474397 0.7613066229166667 0.25112792916666665 0.7736263020833333 0.2971582020833334 0.7687695312499999