11 0.40729166666666666 0.4635416666666667 0.07916666666666666 0.23125
4 0.50625 0.46875 0.07395833333333333 0.2125
15 0.5947916666666667 0.46145833333333336 0.07708333333333334 0.2125
17 0.6833333333333333 0.46458333333333335 0.08125 0.2125
13 0.7802083333333333 0.46875 0.08125 0.21666666666666667
1 0.8697916666666666 0.46875 0.08333333333333333 0.20520833333333333
9 0.9614583333333333 0.46458333333333335 0.07604166666666666 0.21458333333333332
10 0.4041666666666667 0.7104166666666667 0.08229166666666667 0.203125
3 0.5020833333333333 0.7229166666666667 0.090625 0.20729166666666668
14 0.5947916666666667 0.709375 0.07395833333333333 0.21145833333333333
16 0.6875 0.715625 0.08541666666666667 0.21770833333333334
12 0.7822916666666667 0.715625 0.08541666666666667 0.21770833333333334
0 0.88125 0.7177083333333333 0.090625 0.22395833333333334
8 0.9677083333333333 0.7135416666666666 0.06458333333333334 0.22708333333333333