11 0.43125 0.6604166666666667 0.06979166666666667 0.16666666666666666
4 0.5052083333333334 0.6645833333333333 0.06770833333333333 0.165625
15 0.575 0.6572916666666667 0.07291666666666667 0.17916666666666667
17 0.65 0.65625 0.065625 0.18645833333333334
13 0.7229166666666667 0.6552083333333333 0.06875 0.18333333333333332
1 0.7927083333333333 0.6614583333333334 0.06041666666666667 0.17604166666666668
9 0.8645833333333334 0.6666666666666666 0.07083333333333333 0.190625
8 0.8666666666666667 0.4739583333333333 0.06875 0.15416666666666667
0 0.79375 0.4708333333333333 0.06354166666666666 0.16458333333333333
12 0.7229166666666667 0.465625 0.0625 0.17395833333333333
16 0.6520833333333333 0.4635416666666667 0.06458333333333334 0.17291666666666666
14 0.5802083333333333 0.46041666666666664 0.06458333333333334 0.159375
3 0.5083333333333333 0.46041666666666664 0.06770833333333333 0.16979166666666667
10 0.43125 0.4625 0.08020833333333334 0.16666666666666666