10 0.8072916666666666 0.3260416666666667 0.071875 0.203125
11 0.80625 0.5802083333333333 0.08125 0.19166666666666668
4 0.7145833333333333 0.575 0.08020833333333334 0.21770833333333334
15 0.6166666666666667 0.5708333333333333 0.08958333333333333 0.23020833333333332
17 0.5104166666666666 0.5697916666666667 0.08541666666666667 0.21875
13 0.41770833333333335 0.5583333333333333 0.084375 0.225
1 0.3229166666666667 0.5645833333333333 0.07916666666666666 0.225
9 0.23333333333333334 0.5645833333333333 0.07395833333333333 0.21770833333333334
8 0.24583333333333332 0.30416666666666664 0.08125 0.20104166666666667
0 0.3385416666666667 0.3104166666666667 0.075 0.196875
12 0.434375 0.309375 0.084375 0.19791666666666666
16 0.5260416666666666 0.31145833333333334 0.08645833333333333 0.21666666666666667
14 0.61875 0.3104166666666667 0.084375 0.215625
3 0.7208333333333333 0.31979166666666664 0.09166666666666666 0.215625