11 0.18541666666666667 0.30833333333333335 0.07916666666666666 0.23125
4 0.26875 0.3229166666666667 0.07395833333333333 0.2125
15 0.35625 0.3302083333333333 0.07708333333333334 0.2125
17 0.45208333333333334 0.35208333333333336 0.08125 0.2125
13 0.5520833333333334 0.37083333333333335 0.08125 0.21666666666666667
1 0.640625 0.38125 0.08333333333333333 0.20520833333333333
9 0.7385416666666667 0.39791666666666664 0.07604166666666666 0.21458333333333332
10 0.153125 0.546875 0.08229166666666667 0.203125
3 0.24166666666666667 0.5625 0.090625 0.20729166666666668
14 0.3333333333333333 0.56875 0.07395833333333333 0.21145833333333333
16 0.43125 0.5947916666666667 0.08541666666666667 0.21770833333333334
12 0.528125 0.60625 0.08541666666666667 0.21770833333333334
0 0.6229166666666667 0.6302083333333334 0.090625 0.22395833333333334
8 0.7270833333333333 0.65625 0.06979166666666667 0.2