11 0.6208333333333333 0.7135416666666666 0.07395833333333333 0.175
4 0.5479166666666667 0.7239583333333334 0.08645833333333333 0.18020833333333333
15 0.4666666666666667 0.7322916666666667 0.07395833333333333 0.171875
17 0.396875 0.7291666666666666 0.07395833333333333 0.190625
13 0.321875 0.7375 0.075 0.2
1 0.234375 0.740625 0.07291666666666667 0.17708333333333334
9 0.16458333333333333 0.7385416666666667 0.075 0.190625
8 0.15520833333333334 0.5489583333333333 0.08645833333333333 0.184375
0 0.234375 0.540625 0.071875 0.18333333333333332
12 0.31145833333333334 0.5302083333333333 0.06354166666666666 0.18645833333333334
16 0.3885416666666667 0.5395833333333333 0.078125 0.18229166666666666
12 0.4708333333333333 0.5416666666666666 0.06979166666666667 0.19270833333333334
3 0.546875 0.5333333333333333 0.07083333333333333 0.18958333333333333
10 0.625 0.51875 0.071875 0.203125