11 0.11145833333333334 0.5645833333333333 0.07395833333333333 0.175
4 0.184375 0.565625 0.078125 0.17395833333333333
15 0.25104166666666666 0.5677083333333334 0.07395833333333333 0.171875
17 0.32083333333333336 0.553125 0.07395833333333333 0.190625
13 0.396875 0.5572916666666666 0.075 0.2
1 0.46770833333333334 0.5416666666666666 0.07291666666666667 0.17708333333333334
9 0.5395833333333333 0.5510416666666667 0.075 0.190625
8 0.546875 0.7927083333333333 0.08645833333333333 0.184375
0 0.47604166666666664 0.790625 0.071875 0.18333333333333332
12 0.259375 0.7947916666666667 0.06354166666666666 0.18645833333333334
16 0.328125 0.7989583333333333 0.078125 0.18229166666666666
12 0.40520833333333334 0.790625 0.06979166666666667 0.19270833333333334
3 0.18958333333333333 0.803125 0.07083333333333333 0.18958333333333333
10 0.11041666666666666 0.7979166666666667 0.071875 0.203125