10 0.7270833333333333 0.5302083333333333 0.071875 0.203125
11 0.71875 0.275 0.08125 0.19166666666666668
4 0.6270833333333333 0.2708333333333333 0.08020833333333334 0.21770833333333334
15 0.5364583333333334 0.28020833333333334 0.08958333333333333 0.23020833333333332
17 0.4427083333333333 0.28125 0.08541666666666667 0.21875
13 0.35208333333333336 0.27291666666666664 0.084375 0.225
1 0.634375 0.5239583333333333 0.07916666666666666 0.225
9 0.16458333333333333 0.2791666666666667 0.07395833333333333 0.21770833333333334
8 0.16145833333333334 0.521875 0.08125 0.20104166666666667
0 0.24791666666666667 0.528125 0.075 0.196875
12 0.3385416666666667 0.5270833333333333 0.084375 0.19791666666666666
16 0.4427083333333333 0.5260416666666666 0.08645833333333333 0.21666666666666667
14 0.5479166666666667 0.5239583333333333 0.084375 0.215625
3 0.2552083333333333 0.271875 0.09166666666666666 0.215625