6 0.37083333333333335 0.24895833333333334 0.17708333333333334 0.175
6 0.6510416666666666 0.3385416666666667 0.18229166666666666 0.159375
6 0.6239583333333333 0.48854166666666665 0.15520833333333334 0.153125
6 0.24375 0.5385416666666667 0.18229166666666666 0.175
6 0.23020833333333332 0.378125 0.12604166666666666 0.134375
6 0.09375 0.5322916666666667 0.14166666666666666 0.128125
6 0.096875 0.24375 0.13020833333333334 0.15
6 0.9083333333333333 0.415625 0.178125 0.1625
6 0.8541666666666666 0.2989583333333333 0.23541666666666666 0.12604166666666666
6 0.365625 0.44895833333333335 0.203125 0.115625
6 0.48333333333333334 0.5489583333333333 0.16145833333333334 0.14375
6 0.5145833333333333 0.24479166666666666 0.13020833333333334 0.153125