2 0.75 0.44375 0.15104166666666666 0.07291666666666667
2 0.7760416666666666 0.25625 0.13645833333333332 0.1
2 0.6 0.32916666666666666 0.178125 0.09375
2 0.9125 0.4666666666666667 0.16354166666666667 0.07083333333333333
2 0.553125 0.715625 0.14791666666666667 0.059375
2 0.8895833333333333 0.590625 0.153125 0.053125
2 0.8822916666666667 0.6447916666666667 0.146875 0.051041666666666666
2 0.8541666666666666 0.7645833333333333 0.15833333333333333 0.0625
2 0.7104166666666667 0.6229166666666667 0.15833333333333333 0.04791666666666667
2 0.5510416666666667 0.6072916666666667 0.14791666666666667 0.059375
2 0.725 0.5635416666666667 0.14895833333333333 0.046875
2 0.6947916666666667 0.7989583333333333 0.1375 0.06145833333333333
2 0.846875 0.8072916666666666 0.15520833333333334 0.06458333333333334
2 0.30833333333333335 0.14583333333333334 0.134375 0.08333333333333333
2 0.13645833333333332 0.2635416666666667 0.12916666666666668 0.06979166666666667
2 0.275 0.27395833333333336 0.12395833333333334 0.03958333333333333
2 0.41875 0.43854166666666666 0.13541666666666666 0.08229166666666667
2 0.22916666666666666 0.5041666666666667 0.14270833333333333 0.06458333333333334
2 0.4010416666666667 0.5364583333333334 0.14479166666666668 0.10833333333333334