6 0.7416666666666667 0.24166666666666667 0.1375 0.125
6 0.915625 0.4083333333333333 0.11354166666666667 0.103125
6 0.8885416666666667 0.24270833333333333 0.121875 0.11458333333333333
6 0.41770833333333335 0.42604166666666665 0.1375 0.09270833333333334
6 0.5708333333333333 0.42291666666666666 0.11666666666666667 0.103125
6 0.09270833333333334 0.4354166666666667 0.075 0.05520833333333333
6 0.11770833333333333 0.5729166666666666 0.14375 0.0875
6 0.3697916666666667 0.5666666666666667 0.121875 0.07604166666666666
6 0.6322916666666667 0.5583333333333333 0.17083333333333334 0.09270833333333334
6 0.8802083333333334 0.5614583333333333 0.175 0.06979166666666667
6 0.25833333333333336 0.25 0.14895833333333333 0.11145833333333334
6 0.25416666666666665 0.4270833333333333 0.1125 0.08020833333333334
6 0.58125 0.24895833333333334 0.12395833333333334 0.09166666666666666
6 0.428125 0.24583333333333332 0.13333333333333333 0.115625
6 0.7385416666666667 0.390625 0.16145833333333334 0.14166666666666666
6 0.08541666666666667 0.259375 0.17083333333333334 0.13958333333333334