2 0.5177083333333333 0.078125 0.290625 0.08333333333333333
2 0.5083333333333333 0.19895833333333332 0.2989583333333333 0.09895833333333333
2 0.49270833333333336 0.44479166666666664 0.28229166666666666 0.090625
2 0.16770833333333332 0.446875 0.29270833333333335 0.09791666666666667
2 0.8354166666666667 0.55625 0.31354166666666666 0.115625
2 0.8427083333333333 0.42916666666666664 0.28125 0.09166666666666666
2 0.8489583333333334 0.665625 0.2947916666666667 0.08958333333333333
2 0.19270833333333334 0.6697916666666667 0.25833333333333336 0.078125
2 0.509375 0.6625 0.28854166666666664 0.08541666666666667
2 0.1875 0.55625 0.23541666666666666 0.08333333333333333
2 0.17916666666666667 0.321875 0.24479166666666666 0.08020833333333334