2 0.7166666666666667 0.3333333333333333 0.3385416666666667 0.30625
2 0.23229166666666667 0.3885416666666667 0.41875 0.21979166666666666
2 0.784375 0.721875 0.3020833333333333 0.20104166666666667
2 0.39375 0.7947916666666667 0.13229166666666667 0.04375
2 0.0875 0.7291666666666666 0.125 0.06145833333333333
2 0.4083333333333333 0.6229166666666667 0.159375 0.06354166666666666
2 0.24791666666666667 0.625 0.14895833333333333 0.05625
2 0.08645833333333333 0.68125 0.14270833333333333 0.040625
2 0.25729166666666664 0.6770833333333334 0.15208333333333332 0.051041666666666666
2 0.09166666666666666 0.8020833333333334 0.14166666666666666 0.065625
2 0.2520833333333333 0.8583333333333333 0.15104166666666666 0.05625
2 0.4 0.8489583333333334 0.12708333333333333 0.058333333333333334
2 0.246875 0.734375 0.15833333333333333 0.06666666666666667
2 0.39375 0.73125 0.125 0.06145833333333333
2 0.403125 0.675 0.153125 0.05520833333333333