2 0.8020833333333334 0.2947916666666667 0.24479166666666666 0.203125
2 0.6375 0.409375 0.21354166666666666 0.190625
2 0.2708333333333333 0.32916666666666666 0.434375 0.27708333333333335
2 0.7239583333333334 0.684375 0.30104166666666665 0.21354166666666666
2 0.2552083333333333 0.5895833333333333 0.121875 0.065625
2 0.4 0.584375 0.13125 0.06666666666666667
2 0.11145833333333334 0.5864583333333333 0.125 0.06354166666666666
2 0.4 0.6541666666666667 0.12291666666666666 0.08125
2 0.4041666666666667 0.7958333333333333 0.12395833333333334 0.058333333333333334
2 0.10520833333333333 0.6520833333333333 0.11875 0.065625
2 0.2520833333333333 0.79375 0.13229166666666667 0.06979166666666667
2 0.10729166666666666 0.7958333333333333 0.125 0.071875