2 0.7072916666666667 0.3302083333333333 0.3697916666666667 0.34270833333333334
2 0.2375 0.396875 0.40729166666666666 0.275
2 0.746875 0.7145833333333333 0.415625 0.24270833333333333
2 0.41458333333333336 0.6229166666666667 0.13958333333333334 0.05
2 0.41458333333333336 0.7364583333333333 0.10208333333333333 0.071875
2 0.4166666666666667 0.7958333333333333 0.103125 0.06770833333333333
2 0.259375 0.6333333333333333 0.14895833333333333 0.059375
2 0.09791666666666667 0.696875 0.15625 0.06145833333333333
2 0.09791666666666667 0.7583333333333333 0.159375 0.0625
2 0.11458333333333333 0.821875 0.15416666666666667 0.053125
2 0.2604166666666667 0.7458333333333333 0.14166666666666666 0.06458333333333334
2 0.25729166666666664 0.8052083333333333 0.11354166666666667 0.06041666666666667
2 0.271875 0.8697916666666666 0.12708333333333333 0.06145833333333333
2 0.421875 0.8541666666666666 0.16458333333333333 0.053125