2 0.715625 0.06875 0.18125 0.07708333333333334
2 0.5291666666666667 0.07395833333333333 0.18541666666666667 0.06770833333333333
2 0.33958333333333335 0.058333333333333334 0.17395833333333333 0.078125
2 0.11458333333333333 0.27395833333333336 0.19583333333333333 0.07395833333333333
2 0.328125 0.28541666666666665 0.20729166666666668 0.06458333333333334
2 0.55 0.14270833333333333 0.15520833333333334 0.08854166666666667
2 0.3333333333333333 0.21041666666666667 0.18229166666666666 0.07916666666666666
2 0.5208333333333334 0.44895833333333335 0.2125 0.08333333333333333
2 0.09270833333333334 0.425 0.16979166666666667 0.1
2 0.2947916666666667 0.44166666666666665 0.19166666666666668 0.08125
2 0.3145833333333333 0.5916666666666667 0.17708333333333334 0.07291666666666667
2 0.103125 0.5791666666666667 0.20625 0.06354166666666666
2 0.709375 0.378125 0.16041666666666668 0.075
2 0.90625 0.3854166666666667 0.13854166666666667 0.08854166666666667
2 0.7229166666666667 0.5291666666666667 0.16875 0.065625