6 0.5666666666666667 0.2864583333333333 0.11666666666666667 0.05416666666666667
6 0.5666666666666667 0.20625 0.16354166666666667 0.03854166666666667
6 0.73125 0.21041666666666667 0.12291666666666666 0.07395833333333333
6 0.909375 0.284375 0.12604166666666666 0.06145833333333333
6 0.9104166666666667 0.20520833333333333 0.13125 0.05520833333333333
6 0.7020833333333333 0.2875 0.0875 0.046875
6 0.7791666666666667 0.2875 0.08958333333333333 0.05625
6 0.3885416666666667 0.2125 0.13333333333333333 0.0625
6 0.24166666666666667 0.209375 0.13854166666666667 0.06354166666666666
6 0.08125 0.2125 0.13020833333333334 0.06979166666666667
6 0.24583333333333332 0.453125 0.14791666666666667 0.052083333333333336
6 0.2520833333333333 0.34479166666666666 0.15104166666666666 0.040625
6 0.090625 0.45208333333333334 0.13541666666666666 0.051041666666666666
6 0.6322916666666667 0.353125 0.16041666666666668 0.023958333333333335
6 0.6302083333333334 0.3885416666666667 0.14479166666666668 0.029166666666666667
6 0.63125 0.4197916666666667 0.14791666666666667 0.036458333333333336
6 0.6333333333333333 0.4625 0.13229166666666667 0.03854166666666667
6 0.4739583333333333 0.359375 0.04791666666666667 0.015625
6 0.4041666666666667 0.40625 0.057291666666666664 0.026041666666666668
6 0.403125 0.45416666666666666 0.04895833333333333 0.023958333333333335
6 0.4708333333333333 0.42916666666666664 0.042708333333333334 0.01875
6 0.4708333333333333 0.38229166666666664 0.05 0.023958333333333335
6 0.403125 0.3572916666666667 0.057291666666666664 0.028125