6 0.23958333333333334 0.2625 0.4 0.07604166666666666
6 0.24479166666666666 0.18541666666666667 0.41770833333333335 0.065625
6 0.7302083333333333 0.6541666666666667 0.4 0.16458333333333333
6 0.11979166666666667 0.8802083333333334 0.23229166666666667 0.11875
6 0.3645833333333333 0.8739583333333333 0.23333333333333334 0.11979166666666667
6 0.8197916666666667 0.8979166666666667 0.203125 0.06041666666666667
6 0.6166666666666667 0.9041666666666667 0.20208333333333334 0.08541666666666667
6 0.06770833333333333 0.44895833333333335 0.07708333333333334 0.042708333333333334
6 0.39375 0.4635416666666667 0.10104166666666667 0.046875
6 0.20729166666666668 0.4083333333333333 0.07708333333333334 0.03125
6 0.6760416666666667 0.38333333333333336 0.09375 0.03333333333333333
6 0.8708333333333333 0.35625 0.08125 0.03958333333333333